1628
4 5357 5121 8148 6404
4 421 2589 5913 5583
4 6255 9906 8785 3629
4 6584 7710 1737 3987
4 7529 5231 2094 4386
4 5796 9487 1756 6735
4 8197 2584 8754 998
4 2395 6655 2861 6312
4 59 7923 7569 6632
4 7704 7444 8873 5515
4 9612 7262 8452 2489
4 7796 5905 398 8407
4 820 1729 604 9004
4 6459 1248 7064 8603
4 7549 4848 5886 8733
4 8189 9354 8437 9529
4 6839 9213 1524 4449
4 4318 4574 5744 4100
4 9483 6823 4233 3626
4 3904 9620 7108 8479
4 5416 1287 2545 6476
4 9383 4004 3697 1396
4 9131 5427 847 2061
4 4041 370 2155 3015
4 973 4644 4863 5363
4 9247 7792 6668 7168
4 3135 4631 1492 9618
4 2222 2752 2687 2843
4 5570 44 453 1561
4 2117 7100 8284 461
4 3505 4036 8775 9765
4 1423 3295 8287 2932
4 1385 6640 8591 8854
4 8004 3273 5616 2096
4 3715 2345 5918 674
4 6639 9813 5090 666
4 3420 1556 7936 2331
4 2935 5251 2598 5592
4 4695 3825 6762 8119
4 1677 9959 1081 1114
4 4147 6756 8384 5001
4 8689 1388 6196 7525
4 9818 864 5989 3942
4 683 4106 6613 948
4 5526 9888 8911 5083
4 8320 5052 4194 936
4 4473 5211 8585 132
4 9128 3149 8814 7369
4 2459 8777 4670 2819
4 7515 7577 876 3484
4 2968 7819 7863 2246
4 962 8240 7939 7368
4 2723 752 9256 7259
4 8837 8991 7208 7290
4 3457 8392 2728 4808
4 110 3176 684 2196
4 7950 281 371 8641
4 7101 8636 2212 5791
4 9267 63 2064 2499
4 6240 5602 2475 4090
4 9614 714 3656 3678
4 1101 9019 4916 5651
4 9894 1013 839 2548
4 7834 1491 4405 3765
4 3024 5048 7945 6170
4 7198 5945 1071 6677
4 4961 1004 1115 7937
4 9965 4685 2124 3272
4 1233 3302 4579 3795
4 8152 9986 1707 336
4 5042 3647 2008 5046
4 384 7927 4702 7135
4 2141 7104 9295 6782
4 1734 5101 5773 2070
4 854 1164 1214 443
4 6495 2115 4430 2558
4 8058 4957 7409 4917
4 2080 7201 7540 7825
4 2922 4788 8063 6176
4 5214 1341 4964 4509
4 8639 7896 4886 5653
4 3499 7202 7961 976
4 49 6702 6107 7313
4 1146 1830 3463 9307
4 6381 9568 818 82
4 4983 3792 5295 8612
4 3047 7757 3940 2228
4 5772 3607 7595 9305
4 4135 5982 3096 3896
4 4874 6252 7516 3309
4 2727 5713 2964 7136
4 2274 8485 8338 3228
4 636 3293 1210 4925
4 1353 1851 4322 887
4 3566 6168 8608 7551
4 5310 8322 4240 7543
4 7305 4406 6550 1203
4 71 1988 9866 6935
4 9433 8745 4940 5625
4 9129 9795 5219 2456
4 1671 1955 5383 1812
4 7145 7 47 4235
4 4185 4131 8116 7326
4 9527 4141 4637 3437
4 7579 8465 594 1322
4 1450 9552 1742 2259
4 3114 766 9539 1094
4 8851 3042 4167 3142
4 7359 9 3686 532
4 1713 7231 4655 4561
4 5006 9690 2686 8803
4 5652 1934 7583 8387
4 5873 4074 5494 1895
4 2962 3072 6129 4657
4 7715 8553 3844 723
4 9525 2759 7447 7083
4 9263 2481 9235 2982
4 727 1050 8736 6957
4 4847 4112 3196 954
4 4475 8250 62 2293
4 3357 2736 7196 9532
4 4102 9917 213 859
4 4374 7088 7308 8332
4 1946 3519 7648 1418
4 7032 8375 8010 4320
4 9196 3337 7725 3170
4 9946 4076 9063 1591
4 2045 4619 6611 2652
4 5163 1724 2726 9106
4 6547 5777 8193 8767
4 6882 3689 3775 2749
4 2060 2340 4638 850
4 2342 1568 992 9747
4 5904 9119 4402 3155
4 6178 4490 3542 1433
4 5172 3672 5686 4912
4 2544 9966 6534 5729
4 8644 1621 586 4995
4 2642 2085 7851 120
4 6558 3648 3757 8478
4 201 9576 8626 6038
4 9344 3781 2323 4139
4 6913 3257 7643 774
4 7451 6567 328 4550
4 7494 2828 3889 7464
4 8601 6571 8138 2628
4 5931 8397 7148 7814
4 5156 3112 403 1763
4 7545 3593 8186 9275
4 9542 4150 2308 8997
4 676 2862 4058 2870
4 4244 3376 58 9559
4 6134 9302 8233 2300
4 2795 8865 8242 1383
4 3475 7862 6537 7079
4 18 4959 8187 7316
4 9151 8267 3708 5081
4 9713 6467 6147 6927
4 2036 2213 1711 3840
4 2814 5366 8115 4390
4 4044 9900 446 7445
4 3451 6171 5845 8506
4 3869 8259 2123 7673
4 4480 7166 1839 8094
4 5609 7703 9243 3583
4 9528 9320 8616 2305
4 778 1160 8079 1049
4 3842 9873 7944 11
4 8849 1936 3526 5540
4 2160 2243 245 4837
4 2267 5096 1136 3126
4 654 9605 2313 6050
4 8101 8167 6359 1552
4 8430 333 1509 4284
4 2023 5854 7267 6123
4 3913 5359 2535 687
4 9514 3950 7953 6580
4 2985 8509 9374 7726
4 5136 9921 5324 2282
4 2944 8286 7008 6777
4 4551 8036 7466 1231
4 7385 1845 3253 5209
4 373 6300 3106 7522
4 2920 4498 6842 3632
4 4902 3745 1767 9856
4 706 9289 8367 5665
4 9784 3899 6481 6060
4 3618 2674 8348 2817
4 65 2203 9340 9722
4 1427 4690 6989 7026
4 7922 2718 2994 6582
4 177 9283 9732 3083
4 5600 9942 8834 593
4 6985 463 8563 3002
4 8701 7756 4151 4965
4 7700 7050 3229 8026
4 5622 780 1359 8047
4 5919 9111 6638 2619
4 7920 2572 4516 1085
4 8346 1096 2941 8721
4 1996 8697 9649 9691
4 1357 1817 7212 9778
4 6313 8253 9366 2364
4 6329 745 1372 2802
4 9252 522 1336 4259
4 2571 7209 717 2009
4 3485 6316 8839 1861
4 4137 9443 5962 565
4 4951 9751 3356 4582
4 103 6602 251 709
4 6363 4351 3368 2112
4 9779 6426 67 5891
4 4352 8477 9365 1202
4 6477 2647 9154 7629
4 2351 5909 8751 2905
4 8811 6994 171 257
4 3443 1340 3089 2095
4 7119 5793 7330 2536
4 8199 6 645 9325
4 9123 214 8614 4134
4 9124 1976 3496 7911
4 5492 332 7981 8200
4 7671 1787 8947 4557
4 1510 4293 4884 877
4 3379 6415 5733 3062
4 9585 1701 9806 3308
4 1344 4357 60 9546
4 2162 4477 7489 9629
4 3214 5544 5239 6666
4 5593 9363 8835 2957
4 188 1820 5330 8163
4 1001 8923 1717 8501
4 4867 9968 9974 321
4 750 8529 9930 5236
4 5149 5244 9545 7613
4 6914 8003 6956 4222
4 9511 5518 4727 4696
4 1740 7934 8779 8651
4 1975 7391 2776 9550
4 1505 5332 6342 1351
4 4711 7057 8658 1249
4 5991 6297 1800 4977
4 1564 924 3750 3730
4 296 1883 7677 9419
4 1364 9166 8040 8168
4 2575 7415 5970 1747
4 4331 1965 3120 9962
4 6188 7153 7439 4572
4 8431 1522 2245 5529
4 5758 791 3473 7699
4 7344 7647 1743 8915
4 7210 9426 5808 7972
4 8990 6738 8418 2509
4 3579 5488 5728 2043
4 4161 4415 9271 9341
4 4717 8579 8449 6616
4 5028 5131 9397 767
4 5683 6419 1714 3830
4 5835 8056 1061 8866
4 96 3655 6627 5155
4 2265 5074 1673 902
4 2573 7250 797 3087
4 6042 55 7824 8548
4 301 5720 9569 6309
4 6273 631 3306 385
4 264 3845 6742 9626
4 1200 2952 197 1636
4 1523 3223 9853 8487
4 6144 8470 6226 2809
4 8607 773 1889 3673
4 1178 3834 7524 2089
4 4870 8625 9797 1508
4 9566 6336 9572 4367
4 3167 5553 9048 6377
4 6410 8132 5864 8702
4 407 2055 875 5610
4 3137 8659 1476 3905
4 3978 9250 9718 3557
4 4960 7567 8183 4861
4 1810 1948 5375 7155
4 4600 2612 7748 4524
4 6192 1998 4079 4043
4 7436 4649 730 278
4 1228 3271 6058 6769
4 2486 9689 8671 9746
4 3791 6384 3870 5308
4 4200 2353 9952 9871
4 283 6198 3 1483
4 3001 6028 1912 7443
4 6747 8940 8707 9843
4 9265 5476 7253 2912
4 1429 3857 2000 3944
4 85 3367 8204 3997
4 5170 8172 7302 9078
4 6010 6662 1853 6146
4 432 4532 7118 7412
4 1140 8453 3028 2927
4 8297 836 9755 915
4 8677 5203 4179 9695
4 9507 1720 5207 8442
4 263 3278 884 1040
4 1587 6578 4706 8670
4 4527 7095 8683 3022
4 7880 4607 4469 6012
4 6483 6981 5803 1708
4 7103 6110 7978 1378
4 513 995 7696 1821
4 3728 8964 6320 4565
4 3885 2585 6757 8932
4 5849 464 7618 9908
4 634 7617 3518 2877
4 1224 3508 8929 1542
4 7319 4474 7861 7603
4 1037 7296 9359 6370
4 1253 1073 4617 3037
4 4883 3877 6498 3362
4 8722 1684 3561 5197
4 1681 8750 4871 559
4 3736 3375 2939 5785
4 4307 3248 2627 2937
4 5174 1923 1154 1484
4 6444 9464 7759 1152
4 1117 1526 8692 2488
4 4786 3892 8637 7870
4 8895 1116 137 5902
4 4038 1571 4439 8328
4 7536 8524 9599 520
4 4361 8956 2592 3511
4 4292 5462 6296 8874
4 4521 5278 9880 4975
4 6367 9197 9769 9961
4 2798 7678 916 172
4 3853 8466 5341 3055
4 5823 7041 56 17
4 7823 1833 9425 1361
4 1261 3544 5547 6656
4 3107 6231 9849 4668
4 5839 7178 7463 6605
4 174 2600 5705 5446
4 970 9907 9014 6577
4 1712 5941 1726 529
4 2566 4946 8527 2368
4 6220 5441 208 3050
4 6965 5548 2185 688
4 5378 9984 7130 760
4 5998 7255 6389 10
4 6938 5250 1570 7238
4 846 5503 145 7215
4 3769 7363 451 7740
4 4604 6715 8516 4663
4 9350 844 5151 2165
4 297 3746 3516 4731
4 738 1430 8714 9092
4 1234 3969 525 9168
4 1765 5563 1601 3134
4 2106 6583 5271 6752
4 6856 923 8931 1487
4 8363 6540 556 6133
4 1122 2716 9895 1197
4 5649 5579 3540 9597
4 912 7778 5118 7218
4 1827 9741 139 164
4 2766 6526 926 6205
4 5325 6364 6396 9450
4 6266 7624 8239 7518
4 1963 7149 2295 6052
4 2407 4093 9161 5007
4 3104 4491 7558 8650
4 9121 117 2221 2007
4 2649 8673 5013 4230
4 3258 9182 9214 480
4 4990 8081 8833 5899
4 1589 8059 211 2804
4 1648 8161 2484 5017
4 5948 3674 628 5056
4 4627 6451 87 2879
4 5574 9390 2309 7318
4 5627 8824 9594 8044
4 7499 1010 9246 8198
4 7839 3691 7692 2848
4 4126 2127 7204 1015
4 5875 6149 7152 8617
4 7346 8293 642 8247
4 2555 7983 3276 2836
4 6680 9490 9135 1825
4 2590 3029 9719 656
4 3932 6102 5879 6645
4 6623 6721 2125 7752
4 2811 3828 8305 6215
4 3608 8653 7278 178
4 6157 8609 289 5513
4 7151 1866 9776 1847
4 9588 2872 1735 4671
4 597 900 1943 6193
4 1876 6036 7954 3239
4 3973 8606 9471 9580
4 4555 6731 2516 206
4 9414 28 9286 1620
4 3480 3692 6256 4859
4 3677 4650 931 6350
4 5487 2538 7375 1464
4 1159 8652 9382 9852
4 1856 5824 1393 4522
4 590 1056 6152 4054
4 1311 5815 2226 8134
4 4170 8578 9499 2697
4 6685 4573 1129 1260
4 6703 7888 9276 3527
4 1632 1819 6531 1205
4 3808 3891 8258 5981
4 834 4792 9637 3132
4 2999 3092 4496 151
4 5058 8434 1994 1888
4 5061 6111 7764 2732
4 5559 124 3895 290
4 307 6206 6741 8684
4 1877 6984 9238 9407
4 6443 8537 4933 7105
4 8468 1718 53 7475
4 1874 6053 7875 3573
4 5094 1642 8342 2190
4 142 236 589 4725
4 1562 8967 6228 7777
4 2705 4997 4055 4857
4 7542 7413 9675 7610
4 7734 9241 9714 9761
4 9799 4611 9326 4661
4 2091 4814 3297 4875
4 2428 9165 1884 5371
4 3980 4636 6306 7361
4 7512 9748 4865 9376
4 1704 7884 5710 6932
4 4442 9730 253 5644
4 5418 4091 4692 1837
4 2490 6651 6676 8035
4 4592 7219 8032 5235
4 4774 9602 8907 7993
4 6628 4989 3912 4066
4 9530 7286 9864 4703
4 540 2241 1445 6155
4 2020 3924 3839 1440
4 2765 648 7090 6849
4 7406 3558 7659 5517
4 362 735 4363 4656
4 1282 2854 2254 7733
4 4381 4716 2565 4926
4 5044 3802 3945 898
4 5794 6557 4187 534
4 2887 6827 6733 7526
4 3654 5671 9016 6976
4 4506 9523 8176 1598
4 5035 9896 2400 7003
4 6326 4904 9976 7662
4 7841 8123 1595 5020
4 1023 3531 4771 4089
4 2461 3553 5916 6794
4 6365 7594 3567 6289
4 7074 8423 7382 2806
4 3498 2457 8333 9922
4 4064 6366 5389 2006
4 4410 6380 9650 1723
4 8241 358 1467 5530
4 1339 1406 7374 5474
4 2081 4559 7356 6673
4 3422 5205 960 7037
4 4773 5355 2320 6436
4 1332 8597 1471 2783
4 1533 4412 9220 210
4 7432 2375 147 3906
4 7683 5336 9848 404
4 9368 5898 9988 1422
4 9453 6076 6800 6857
4 3760 4879 8861 33
4 6988 7914 2907 8432
4 9456 489 146 5489
4 622 1584 4495 1609
4 689 4720 3718 6490
4 6361 5178 7419 7785
4 8019 909 5457 9879
4 3323 4375 4478 4639
4 6514 6778 9468 4766
4 7821 8889 8715 4011
4 8376 5551 5633 1021
4 8938 2389 5086 7534
4 2381 6784 9192 9043
4 2462 8648 6528 9561
4 3145 3704 7426 2874
4 7768 8153 7249 4057
4 7818 7943 4452 737
4 2398 3244 7310 9703
4 2401 3582 8043 9726
4 3617 5869 9684 8150
4 5856 8894 7592 5255
4 7230 7530 9361 396
4 8898 1529 1930 9072
4 2260 3882 3983 6870
4 3595 3914 6016 2129
4 6340 7917 5901 8954
4 7175 8299 4953 7990
4 8823 9631 3352 5461
4 8845 3559 5776 6585
4 150 1512 3299 5865
4 1922 4026 5467 5085
4 3153 6208 39 5380
4 198 1952 5920 8679
4 635 9122 4202 5522
4 835 6202 8425 9971
4 3371 8325 9222 1090
4 3966 2191 3749 7013
4 9143 4907 5724 7116
4 1886 3985 3188 4823
4 4467 7454 9429 8746
4 5832 6466 6834 512
4 7770 32 8712 2134
4 359 804 947 5556
4 3075 5531 3339 7480
4 6649 7010 8682 4704
4 7596 7956 9734 9549
4 7966 8238 9802 9667
4 9062 9221 3129 7689
4 711 1822 3136 4124
4 1507 3564 9606 45
4 5615 6724 9091 2277
4 9183 9828 170 8276
4 149 678 2924 3428
4 1347 6421 7220 7221
4 1761 3011 4640 4016
4 3811 6184 4887 0
4 5896 7809 9868 2167
4 5908 6873 300 4208
4 6700 8519 3694 1256
4 1100 2707 2343 6243
4 2148 6705 6574 7186
4 3322 5756 8196 7970
4 7731 2024 6203 849
4 7876 313 5566 8632
4 9173 1382 4465 6160
4 3641 3991 4514 5584
4 5047 6811 7964 6637
4 5451 6446 8263 9096
4 6264 5164 2198 8264
4 471 3020 2467 3121
4 611 2278 5954 3724
4 5939 6248 9573 5277
4 8562 2495 2672 8517
4 9459 6681 4708 7424
4 1047 1908 4335 6015
4 4949 5166 6553 8027
4 6659 9978 6903 6596
4 7984 8752 8908 9328
4 9752 9987 1157 1044
4 1174 2983 5657 8133
4 1199 7975 9891 9996
4 4659 6522 7386 4340
4 6726 6942 2875 4215
4 9299 3681 6648 1179
4 9583 2367 5040 1569
4 1181 4992 1593 5240
4 3818 8801 1411 5860
4 5947 7425 8711 708
4 9068 3226 1106 3127
4 9210 3203 2062 8143
4 433 2337 4511 6112
4 541 5362 5721 7727
4 3412 5449 5763 5836
4 6017 7384 9038 9633
4 562 3517 9836 4790
4 5173 7509 514 6022
4 6719 1668 7521 3031
4 8222 2506 9721 6478
4 825 8210 3894 5813
4 1381 4456 2702 4052
4 1616 4286 2601 2120
4 1840 7500 4419 2025
4 3563 5536 355 8160
4 6246 2296 5496 8828
4 204 7555 5157 8696
4 4206 6351 8413 8864
4 8202 8667 8863 6713
4 9486 968 8336 608
4 889 1400 5730 4359
4 1751 6492 8139 465
4 1768 3105 2954 8810
4 4958 70 1535 2329
4 7877 3330 4742 5872
3 1012 2159 2437
3 1409 8031 4092
3 3596 4188 6280
3 5198 7751 8977
3 6051 6275 4943
3 6864 2033 8876
3 8006 9920 919
3 9935 240 3004
3 9995 4228 1321
3 234 1843 3809
3 530 4858 9198
3 955 4801 9418
3 2578 7633 8919
3 3235 3972 5606
3 3657 5368 131
3 6263 6960 1640
3 9269 456 7924
3 270 430 431
3 1062 3311 9519
3 2746 4000 9028
3 3926 5751 7397
3 5082 7729 8089
3 6576 7614 9187
3 8215 8454 9600
3 9716 9768 97
3 372 2604 2193
3 500 1939 3939
3 620 1750 978
3 1330 7995 2786
3 2661 6097 4301
3 2762 9699 5208
3 2949 9201 9767
3 4046 6008 6698
3 6964 439 4942
3 8137 9332 1980
3 9446 1744 8401
3 136 673 4534
3 1036 1259 5191
3 2072 6003 3956
3 2632 7663 2977
3 4796 5986 6890
3 6161 6761 9656
3 7170 8447 9584
3 9086 9431 885
3 9538 1519 3212
3 1475 5482 2772
3 1796 5245 6835
3 2102 2694 8383
3 2514 8822 6844
3 2713 4798 3590
3 4221 9398 7407
3 6565 7991 6824
3 7457 8180 9413
3 9944 183 1649
3 24 1961 3370
3 956 1318 4104
3 2074 2595 8568
3 2399 8252 1279
3 3280 6137 6352
3 8326 8435 1694
3 37 86 3793
3 2207 3060 6463
3 3344 5752 4238
3 4387 4635 5666
3 4502 5732 6450
3 4777 6887 7800
3 6121 6197 7881
3 6809 8859 7674
3 7895 8037 9855
3 9075 9083 1546
3 457 2891 4839
3 1983 2297 7554
3 2881 2953 3822
3 4783 6302 3543
3 5994 7461 1538
3 7471 7586 9036
3 458 1755 3364
3 487 7812 756
3 602 8900 4400
3 4248 4358 4595
3 5168 7357 7320
3 5897 7362 7724
3 6959 6963 8314
3 6972 7410 2149
3 8815 2596 3052
3 9009 335 4399
3 2144 2210 4596
3 2608 4116 6915
3 2903 3951 7387
3 3141 4434 9047
3 5024 6311 8353
3 6471 4339 8766
3 7094 8930 9094
3 7206 9035 1536
3 8093 392 221
3 9137 462 9578
3 801 3347 9215
3 1371 2028 4504
3 2610 2741 6506
3 2785 8486 3875
3 2956 3021 6332
3 6353 9564 9659
3 9114 9838 4069
3 40 2837 1678
3 1161 1688 2892
3 2859 4994 6818
3 3651 5066 3789
3 5628 6127 6448
3 6925 4877 7078
3 7602 802 2412
3 7850 7889 2059
3 31 9709 725
3 168 3887 4736
3 1453 2469 6328
3 4982 5181 842
3 5233 6175 9820
3 6148 8663 1778
3 6232 840 2683
3 502 1009 2307
3 739 4097 7632
3 1426 4291 5106
3 2685 4688 7959
3 5125 6229 9678
3 6944 7859 2101
3 7557 8028 8438
3 7694 8737 393
3 8543 9993 325
3 9394 9651 78
3 152 615 639
3 343 644 3841
3 402 3012 4488
3 511 1220 1959
3 2169 3318 4549
3 5128 8022 5817
3 6699 8576 4689
3 6725 9595 7960
3 8426 9015 9540
3 9223 1043 5631
3 229 613 7395
3 1869 2950 4787
3 4567 5558 9227
3 5719 9489 7423
3 5959 8804 68
3 6473 5882 7742
3 34 5422 7971
3 793 5676 2388
3 848 5190 4099
3 4031 7803 8643
3 6034 8256 1377
3 8950 1080 1807
3 726 953 6315
3 1165 1979 3123
3 2242 3903 7314
3 2472 3555 3743
3 3679 4826 6746
3 4855 6952 9957
3 4880 7697 579
3 7532 7631 413
3 7994 8097 5443
3 8903 252 13
3 20 1167 7132
3 305 1892 467
3 640 6452 1270
3 3515 6005 4969
3 3698 5850 7581
3 4723 5731 5881
3 6225 7430 9892
3 9887 76 2164
3 153 1502 2137
3 477 860 4298
3 1590 2002 2669
3 2215 2304 8398
3 3396 4811 7176
3 3509 4047 6922
3 5212 8571 8629
3 5951 5950 6674
3 6357 9274 9475
3 7666 2929 3621
3 57 6046 346
3 740 3665 4078
3 4173 5863 649
3 4267 4451 4750
3 6095 6189 6563
3 6291 6479 9280
3 7496 7826 293
3 193 414 1369
3 395 1549 2358
3 1586 2019 3246
3 1953 2232 4922
3 2432 2527 4246
3 2629 2898 3233
3 3581 4155 4279
3 4245 4554 4679
3 5146 5161 7906
3 5829 7036 7713
3 7951 8212 9524
3 9337 3761 8456
3 83 937 8821
3 949 3902 4662
3 1276 3449 1416
3 2799 6210 5346
3 3146 7024 6740
3 4249 6544 554
3 5026 6104 9830
3 7252 7804 7565
3 8206 8986 868
3 9065 1084 1194
3 568 1286 1504
3 1650 2531 3261
3 2533 2751 2824
3 2634 3504 6244
3 3161 4030 9526
3 3482 4747 23
3 3838 4311 4314
3 5895 7194 7236
3 9157 9313 2668
3 9234 2529 5387
3 16 1793 3748
3 444 4653 7813
3 1516 4537 4856
3 3263 3773 5200
3 3431 6270 7743
3 3806 5714 7197
3 6630 7653 9294
3 8229 9105 8675
3 8498 9543 4767
3 982 1032 1250
3 1031 1118 3174
3 1514 2303 9333
3 1527 1532 6294
3 2047 3332 3930
3 3911 4398 4501
3 4176 4328 7963
3 5401 5672 9810
3 6258 6664 7018
3 7490 8277 9458
3 8440 8965 9635
3 9488 9496 5237
3 9692 2442 4001
3 675 3316 1201
3 1296 4623 1452
3 1891 6828 6245
3 1986 4841 6612
3 4578 4892 4914
3 6920 8642 9680
3 7150 7559 9551
3 8201 8952 499
3 8355 9958 3125
3 1027 1606 3880
3 1618 2264 2422
3 2143 2712 6494
3 2671 5059 5199
3 3513 4935 5373
3 3824 4713 5175
3 5834 5980 6693
3 6430 6510 8289
3 6569 6744 6822
3 6852 8179 225
3 6962 8654 9260
3 8727 9251 4775
3 8729 9085 9711
3 365 858 4164
3 459 4447 3099
3 3407 4605 4898
3 3747 5641 7761
3 4144 7622 8177
3 5043 8067 8918
3 5769 9858 9149
3 6093 9002 9022
3 30 115 4095
3 2328 3570 4407
3 3147 5400 7237
3 5097 6604 7418
3 7828 7957 8235
3 8593 8897 2402
3 8808 9272 9611
3 8981 9655 1058
3 123 3274 8567
3 185 1898 1951
3 1806 3547 7849
3 2335 4562 6118
3 6130 6846 6600
3 7600 9181 1669
3 8382 9624 1978
3 9985 94 3355
3 576 1110 1132
3 1865 2235 2570
3 2946 4156 5098
3 4482 4558 5471
3 5831 6002 6323
3 6126 6766 7048
3 6398 6727 8756
3 6590 6851 7190
3 7721 8472 4840
3 8108 8978 4197
3 9073 2466 4694
3 1639 2046 2205
3 2220 4325 4546
3 2240 7085 6899
3 5077 5442 7899
3 6078 6090 7315
3 6472 7127 7868
3 6669 7273 7247
3 6993 8340 7665
3 7616 8393 8388
3 8753 8806 473
3 9771 9927 896
3 1288 2582 3587
3 1754 3615 3883
3 1835 3078 5041
3 2333 2591 5505
3 4489 4804 6304
3 5019 6223 6711
3 5812 5944 7634
3 6524 7329 8372
3 7693 8129 8572
3 7805 9613 9745
3 8734 9338 9859
3 160 516 2105
3 899 1848 2911
3 1266 5323 1271
3 1774 4564 6774
3 2216 3506 22
3 2294 7460 8640
3 101 1137 1192
3 143 1212 1849
3 419 1313 2730
3 2234 2549 3664
3 3265 3324 3884
3 3878 4172 5460
3 5140 5189 5702
3 5613 5621 6560
3 5800 6356 7275
3 6671 6697 6739
3 6990 7815 8573
3 9003 9013 9603
3 9877 9948 1086
3 1653 2136 8996
3 2199 3281 4308
3 2237 6803 3038
3 2754 3933 4746
3 3439 4312 7121
3 5276 7491 8021
3 7123 8994 9134
3 417 558 1699
3 753 2390 2781
3 906 2793 3402
3 2453 3097 3578
3 3849 5134 7931
3 4217 4255 7686
3 5171 5268 6064
3 5397 6063 1488
3 6581 8773 9679
3 9029 381 1480
3 9261 9744 2417
3 550 1127 4818
3 796 1170 1461
3 1656 2268 4196
3 2016 2852 5426
3 2289 3782 4136
3 3873 4918 5523
3 4394 4599 6595
3 5234 5903 9844
3 5598 6023 6035
3 6414 7510 6636
3 6831 8084 159
3 8411 8716 9194
3 9008 9230 219
3 472 828 1624
3 1093 1172 2444
3 1783 2621 2951
3 2406 2775 3131
3 3381 3491 4678
3 3817 4613 5246
3 3888 4630 6132
3 5253 6096 6261
3 6520 7117 7786
3 7233 8166 8759
3 7400 8049 9759
3 8316 8464 133
3 8789 8793 9901
3 217 1627 1814
3 279 1665 845
3 893 1867 1985
3 1404 2068 3783
3 2334 3300 4094
3 2731 3262 3965
3 3334 3442 4910
3 5736 6432 7903
3 5770 6227 8633
3 6373 7788 6953
3 6517 6529 7309
3 7684 8618 8987
3 8539 218 610
3 1208 1221 4479
3 1781 1801 2065
3 1836 2281 2711
3 2554 2987 3312
3 2750 3584 3744
3 3401 3721 5577
3 4088 4193 4932
3 4487 5313 5398
3 5391 5586 5917
3 5966 5972 6180
3 7501 7925 7969
3 8165 9502 9534
3 9535 9575 1646
3 401 1899 5132
3 651 669 7388
3 990 5064 5370
3 1184 3445 1904
3 2722 3539 7675
3 3862 4894 8665
3 3927 7110 6586
3 5104 6417 7980
3 6812 7898 9200
3 7371 9660 89
3 545 1292 2184
3 934 1638 1716
3 2326 2376 2947
3 2464 3076 3085
3 3124 3216 3929
3 3411 3947 4981
3 4428 4529 5481
3 4538 4544 7065
3 5594 5599 7502
3 7289 8638 8694
3 7672 9754 9770
3 7695 9882 1130
3 9846 163 1928
3 9941 292 1299
3 144 249 827
3 757 1935 3521
3 771 977 6770
3 1683 4628 8584
3 2087 2173 2560
3 3017 3807 5345
3 3424 6259 4669
3 5511 7043 6405
3 7664 7902 8525
3 7907 8015 9156
3 8268 9209 8842
3 8934 9356 304
3 207 894 1120
3 930 1469 2022
3 1138 1870 2567
3 2050 2057 3115
3 2463 2835 3580
3 2480 4163 4833
3 2990 5122 6068
3 6307 6409 6497
3 6805 6958 7177
3 6973 7096 7744
3 7608 8732 9140
3 9089 9670 2011
3 157 241 4553
3 199 1209 316
3 288 4842 6331
3 618 691 1331
3 3313 3610 3941
3 4149 5429 7223
3 4646 7274 5804
3 4882 7014 8709
3 7134 7553 7962
3 8273 8776 8853
3 9785 9860 287
3 356 2227 3353
3 643 728 4392
3 865 2179 2564
3 3178 3186 4337
3 3541 3893 5192
3 4948 5514 6301
3 5725 6897 7163
3 6425 7216 7642
3 6541 7640 9179
3 7544 7878 8068
3 8298 8409 8886
3 8502 9152 9225
3 9491 108 616
3 819 862 1574
3 1227 4789 5060
3 1277 1652 5718
3 1841 4468 5254
3 1958 1971 2418
3 2288 2805 5329
3 3006 4226 4714
3 3753 4355 5182
3 5206 5663 8534
3 5550 6513 7019
3 5578 6213 7229
3 6387 6904 9367
3 7298 7546 7795
3 8645 8870 9100
3 9406 9647 9710
3 9863 186 733
3 425 784 867
3 1495 1809 2163
3 2239 2841 3536
3 2563 3425 3438
3 3798 4143 4634
3 4508 4598 5741
3 5424 5534 5612
3 5658 5825 6087
3 5848 5952 6796
3 6629 7087 8310
3 6814 7948 9232
3 8141 8740 9172
3 8941 9329 9553
3 9617 9870 5510
3 9885 348 1479
3 226 769 3208
3 347 378 2577
3 800 1376 1563
3 1615 1661 2318
3 1700 2201 3209
3 2344 4693 4791
3 2435 2689 5611
3 3712 5573 5771
3 3812 6620 9582
3 5958 6484 9590
3 7091 7349 7556
3 8564 9423 9570
3 9158 128 189
3 383 719 789
3 1099 2152 4290
3 1403 1685 3917
3 4403 4518 4986
3 4726 6125 6748
3 4906 6253 7365
3 7333 7434 7441
3 7799 8103 8321
3 8309 8771 9314
3 9346 9862 9876
3 9555 415 2012
3 349 1196 4709
3 441 1494 1788
3 633 2470 4939
3 958 1235 1949
3 1131 4211 5294
2 1909 2451
2 2586 5316
2 3213 6692
2 5183 5409
2 6701 6917
2 7060 7140
2 7459 7541
2 7580 7758
2 7835 8493
2 7946 8086
2 8064 9954
2 8347 9205
2 9819 203
2 291 361
2 703 831
2 863 1119
2 1180 1230
2 1188 1284
2 1679 1799
2 1868 1993
2 2356 2382
2 2550 3327
2 2878 3784
2 3859 3860
2 3949 4996
2 5148 5343
2 5379 6456
2 6279 8080
2 6457 8282
2 8379 8686
2 8960 9323
2 9737 4
2 280 693
2 388 405
2 509 782
2 935 1335
2 1105 2384
2 1323 1611
2 1732 1818
2 2035 2483
2 2498 4621
2 3247 3821
2 5410 6843
2 5694 7507
2 5779 8406
2 7479 7669
2 7807 7965
2 8412 8726
2 8875 9372
2 9999 200
2 227 258
2 268 922
2 1046 1111
2 1074 1135
2 1133 2324
2 2378 3787
2 2579 2789
2 3394 4254
2 4330 4344
2 4632 4633
2 4664 4675
2 4734 4950
2 5051 5699
2 5833 6085
2 6233 6407
2 7251 7307
2 7753 8410
2 8784 8955
2 8970 8985
2 9102 9663
2 9807 318
2 376 1029
2 662 811
2 983 2405
2 1553 2311
2 1987 2086
2 2373 3389
2 2386 2541
2 2942 3292
2 3386 3639
2 3922 4461
2 4107 4979
2 5356 6500
2 5844 5977
2 6635 7791
2 6983 8523
2 7667 8461
2 8791 9636
2 9604 9724
2 9701 9742
2 173 342
2 491 741
2 794 2030
2 2410 2508
2 2676 2715
2 3199 3385
2 3827 4371
2 4425 5005
2 5177 5327
2 6158 6434
2 6371 7092
2 7322 8164
2 7399 8374
2 8491 9186
2 8602 8731
2 9148 9162
2 9533 9557
2 9632 9644
2 9717 872
2 409 621
2 1534 1918
2 1992 2883
2 2825 3008
2 3756 3819
2 3866 4220
2 4273 4369
2 4810 5413
2 5187 5266
2 5885 6242
2 6254 6420
2 6647 7627
2 7340 7820
2 7706 7992
2 8136 8872
2 8725 9342
2 9773 148
2 69 195
2 821 917
2 984 1063
2 1045 1206
2 1329 1554
2 1415 1439
2 1705 1897
2 1969 2747
2 2934 3225
2 3267 3794
2 3799 3935
2 4323 4435
2 4651 4978
2 5073 5210
2 5399 5643
2 5957 6678
2 7069 7228
2 7636 7832
2 7712 8857
2 9282 312
2 9609 9977
2 435 508
2 437 605
2 483 1610
2 652 2166
2 901 2427
2 1731 2172
2 2503 3058
2 2803 2873
2 2884 3144
2 3227 3466
2 3474 4237
2 3620 4260
2 4032 4103
2 4214 4356
2 4535 5045
2 4807 5167
2 5265 5361
2 5470 7165
2 5840 5853
2 5883 6234
2 5979 6480
2 6174 6499
2 7033 7243
2 7093 7393
2 7264 7938
2 7276 7736
2 7408 8613
2 7547 9963
2 8728 8879
2 8758 9159
2 9327 9362
2 179 194
2 987 1305
2 1654 2330
2 2425 2500
2 2996 4224
2 3636 4372
2 4758 4822
2 4860 5340
2 5350 5508
2 5745 6077
2 6654 6675
2 6841 6901
2 7097 7172
2 7416 7588
2 7793 8142
2 7915 8395
2 8507 8535
2 8570 8770
2 8778 8780
2 9011 9070
2 9775 9787
2 9822 111
2 118 184
2 192 209
2 303 1142
2 596 2170
2 2206 3476
2 2556 3082
2 2769 3530
2 3879 4891
2 3984 4732
2 4577 6853
2 4890 4972
2 6187 7059
2 7427 7789
2 7639 8144
2 8117 8311
2 8786 9749
2 8877 9380
2 9415 478
2 482 729
2 1614 1728
2 1831 2520
2 3044 3189
2 3777 4175
2 4285 4376
2 5067 5107
2 5279 5557
2 6128 6141
2 7086 7098
2 7561 7856
2 7578 7883
2 7942 8038
2 8114 8224
2 8361 8405
2 8417 8975
2 8961 9218
2 9264 9421
2 9571 9931
2 121 274
2 230 908
2 1485 1695
2 1517 2512
2 1972 2771
2 2485 2808
2 2812 4523
2 2974 3716
2 3493 3717
2 3727 4952
2 4724 5747
2 5696 6614
2 5906 5993
2 5983 6902
2 6156 6308
2 6411 7075
2 7590 7741
2 8061 8244
2 8135 9556
2 8272 9436
2 156 1350
2 781 1496
2 1625 2098
2 2039 3685
2 4232 4470
2 4699 4899
2 5483 5504
2 6177 6559
2 6682 6720
2 6833 7045
2 6937 7077
2 7187 7483
2 7606 7847
2 8002 8462
2 8009 8530
2 8075 9031
2 9793 61
2 256 311
2 424 507
2 574 833
2 1177 1226
2 1283 1937
2 1749 2110
2 2271 2272
2 2532 2602
2 2827 3635
2 4063 4098
2 4333 4845
2 5213 5304
2 5533 5727
2 5617 5870
2 6265 6429
2 6428 6545
2 6607 7730
2 7017 7864
2 8011 8045
2 8110 8561
2 8220 8542
2 8500 9736
2 8698 8797
2 8880 9126
2 81 428
2 682 795
2 866 1006
2 1171 1326
2 1501 1513
2 1634 1753
2 1696 1804
2 1917 2231
2 1984 2298
2 2447 2657
2 3023 3053
2 3059 3690
2 3108 4297
2 3307 4427
2 4440 4588
2 4876 4913
2 4966 4980
2 5023 5158
2 5260 5262
2 5377 5382
2 5783 5938
2 6026 7068
2 6971 7248
2 7337 7404
2 7533 7550
2 8159 8494
2 8556 8635
2 8868 9301
2 9357 9457
2 9498 9686
2 406 538
2 803 903
2 959 1166
2 1622 1789
2 1703 3268
2 2252 3993
2 3469 5480
2 4262 4305
2 5008 5754
2 5907 6551
2 6075 6293
2 6539 6998
2 7022 7138
2 7030 7292
2 7139 7367
2 7682 7711
2 7830 7833
2 7929 8190
2 8441 8473
2 8850 8924
2 9007 9296
2 9521 9910
2 9932 182
2 1275 1307
2 1762 1932
2 2310 2357
2 2393 2583
2 2673 3205
2 2900 3361
2 3266 3534
2 3846 4591
2 4770 5472
2 5585 5632
2 5910 6021
2 6098 6237
2 6257 6412
2 6617 7067
2 7453 7514
2 7584 8555
2 8592 8968
2 9823 658
2 603 668
2 1149 1191
2 1824 2138
2 2645 3286
2 3154 3416
2 3705 4060
2 3854 3963
2 4019 4048
2 4283 4453
2 4793 4893
2 4830 4923
2 4843 5693
2 4851 5010
2 5281 5900
2 5926 6848
2 6393 6519
2 6533 6799
2 6859 7102
2 7129 7688
2 7281 9042
2 7523 9577
2 9044 9698
2 9548 25
2 224 275
2 341 452
2 698 921
2 1190 1612
2 1770 1878
2 2026 2385
2 2546 2664
2 2899 2928
2 2961 3169
2 3382 3591
2 3611 3803
2 3810 3994
2 4236 4911
2 4571 5100
2 5430 5640
2 6040 6222
2 6454 6643
2 6961 7000
2 7071 7574
2 7658 7985
2 8001 8085
2 8541 9189
2 9297 9311
2 9411 9861
2 9914 27
2 54 238
2 319 468
2 526 582
2 659 746
2 886 972
2 1302 2153
2 1775 2656
2 2280 2662
2 2709 3454
2 3523 3619
2 3696 4009
2 3719 3990
2 4691 5809
2 5538 5838
2 5828 6119
2 6031 6185
2 6195 6334
2 6290 7852
2 6509 6592
2 6862 6923
2 7782 7890
2 8000 8231
2 8334 9146
2 8554 9059
2 9101 9229
2 9204 9270
2 9554 9972
2 180 412
2 999 1134
2 1316 1667
2 1777 1873
2 2038 2525
2 2980 3156
2 3413 3754
2 4209 4525
2 4821 5386
2 5549 5635
2 6199 6283
2 6391 6491
2 6516 6772
2 6850 7011
2 7261 7488
2 7504 8034
2 8109 8118
2 9024 9720
2 9825 9933
2 379 573
2 422 1087
2 1237 1725
2 1308 2010
2 1880 2154
2 2758 3645
2 3383 3843
2 4034 4252
2 4132 4520
2 4174 4556
2 4581 4987
2 4705 5257
2 5014 5227
2 5697 5778
2 5859 6163
2 5949 6792
2 7222 8098
2 8318 8546
2 8344 8508
2 8757 9336
2 9150 9400
2 154 360
2 533 583
2 911 986
2 1290 1374
2 1401 1664
2 1915 1964
2 2431 2706
2 2733 2858
2 3201 3340
2 3546 3628
2 3643 3788
2 4062 4438
2 4976 5049
2 5029 5108
2 5153 5342
2 5406 5466
2 5527 5539
2 5619 5820
2 6631 7005
2 7042 7183
