1628
4 73 35 5357 15
4 5121 50 84 1
4 19 8148 46 52
4 90 99 6404 79
4 21 29 36 421
4 42 92 2589 95
4 5913 66 116 125
4 119 100 109 5583
4 104 5 102 6255
4 8 9906 14 135
4 8785 155 113 167
4 205 98 187 3629
4 6584 48 26 43
4 80 75 212 7710
4 64 1737 126 105
4 122 3987 166 130
4 7529 220 134 246
4 88 129 127 5231
4 162 141 2094 231
4 232 4386 107 223
4 233 266 5796 261
4 259 285 38 9487
4 176 243 276 6735
4 138 8197 158 254
4 140 284 1756 165
4 2584 242 294 216
4 265 8754 235 237
4 190 286 998 175
4 320 2395 260 340
4 282 91 262 6655
4 41 317 324 2861
4 6312 330 244 326
4 339 106 59 230
4 273 7923 295 271
4 112 7569 114 331
4 7704 299 310 239
4 160 250 5515 222
4 337 9612 238 350
4 6632 161 202 327
4 344 74 7444 352
4 345 8873 267 334
4 2 366 277 7262
4 72 8452 182 367
4 368 2489 354 369
4 375 7796 357 351
4 5905 387 309 377
4 329 382 398 247
4 363 315 397 8407
4 400 196 820 416
4 1729 386 364 199
4 256 302 604 150
4 248 6459 408 399
4 426 420 51 9004
4 1248 163 427 429
4 353 436 7549 389
4 7064 27 228 438
4 4848 440 406 311
4 442 314 5886 448
4 8603 445 454 191
4 475 8733 270 494
4 474 306 8189 470
4 476 460 8437 447
4 9354 495 380 479
4 9529 186 308 484
4 488 154 469 6839
4 485 482 9213 157
4 504 497 1524 505
4 4449 410 209 348
4 434 490 77 4318
4 272 365 4574 455
4 5744 506 115 501
4 9483 524 22 518
4 81 4100 12 374
4 528 486 70 6823
4 3904 418 539 303
4 4233 466 25 535
4 194 3626 69 503
4 379 7108 510 527
4 496 519 319 8479
4 5416 450 507 437
4 9620 543 118 215
4 280 548 54 1287
4 544 2545 173 390
4 169 6476 508 551
4 547 180 349 9383
4 552 555 4004 13
4 560 3697 563 423
4 569 323 1396 564
4 428 9131 411 492
4 537 5427 580 553
4 592 4041 588 341
4 561 370 338 542
4 584 394 517 973
4 578 557 2061 255
4 200 625 572 847
4 192 647 93 3015
4 531 378 2155 422
4 587 4644 637 599
4 361 274 549 4863
4 391 298 533 9247
4 7792 498 581 566
4 632 481 6668 614
4 601 585 291 3135
4 650 515 638 4631
4 568 624 269 2222
4 617 546 1492 575
4 521 9618 444 609
4 2752 224 184 591
4 5363 612 661 646
4 7168 545 619 606
4 360 655 179 2687
4 641 2843 468 663
4 241 5570 657 567
4 665 44 101 671
4 312 453 672 680
4 536 667 2117 526
4 32 681 8284 653
4 664 1561 78 623
4 89 491 7100 679
4 577 449 275 461
4 3505 670 598 383
4 356 701 30 8775
4 121 595 9765 694
4 128 690 692 1423
4 699 523 685 3295
4 705 707 4036 181
4 144 304 2932 696
4 218 710 626 8287
4 1385 571 660 718
4 6640 570 600 677
4 8004 629 702 279
4 712 452 293 8854
4 3273 715 713 61
4 5616 721 722 424
4 704 322 4 8591
4 716 3715 156 582
4 724 2345 347 700
4 2096 731 732 695
4 747 292 5918 743
4 698 770 807 6639
4 288 744 9813 742
4 674 754 748 342
4 746 755 3420 775
4 736 751 1556 111
4 779 5090 538 758
4 7936 762 757 590
4 787 666 651 783
4 772 2331 268 749
4 790 813 574 2935
4 40 203 764 4695
4 817 5251 788 219
4 808 691 189 2598
4 3825 603 459 573
4 777 6762 388 830
4 765 226 1677 686
4 792 668 509 9959
4 720 1081 810 316
4 761 1114 785 798
4 376 4147 693 763
4 843 6756 741 343
4 816 5001 148 412
4 5592 805 630 759
4 8384 240 824 305
4 841 8689 682 799
4 857 227 662 8119
4 146 1388 861 852
4 689 882 6196 879
4 221 897 874 7525
4 9818 435 837 607
4 864 856 596 287
4 809 851 627 5989
4 728 258 683 853
4 441 697 948 873
4 880 4106 108 866
4 878 892 6613 734
4 822 832 3942 855
4 838 794 870 5526
4 9888 913 458 904
4 658 786 869 8911
4 8320 753 905 888
4 4194 895 914 143
4 776 4473 633 927
4 891 225 5083 659
4 929 890 5211 815
4 9128 883 871 831
4 920 932 3149 478
4 928 5052 918 76
4 24 7369 643 925
4 944 8585 123 933
4 936 784 907 942
4 980 2459 652 951
4 945 819 2819 939
4 616 865 946 7515
4 472 8777 821 941
4 964 963 132 829
4 2968 969 618 971
4 975 669 4670 943
4 7819 981 979 959
4 814 993 989 2246
4 826 3484 966 910
4 952 7577 740 983
4 985 962 781 950
4 16 994 972 876
4 991 207 739 7863
4 8240 961 195 812
4 1008 996 8814 703
4 610 2723 1011 1003
4 1007 7939 908 863
4 7368 1017 1019 415
4 752 768 1028 1025
4 938 803 8837 1014
4 9256 811 493 958
4 965 3457 957 1030
4 903 997 862 8991
4 937 1026 1005 110
4 8392 930 974 911
4 3176 1024 514 1020
4 7208 1000 402 982
4 1041 1033 7290 886
4 1034 554 867 7950
4 1018 371 782 1039
4 1048 2196 1022 967
4 2728 1035 800 955
4 1042 1067 7101 558
4 409 684 1038 823
4 1072 881 8636 1069
4 1016 281 1051 605
4 249 1053 2212 1045
4 4808 1057 1098 611
4 8641 1092 806 583
4 1088 9267 1052 483
4 217 675 1095 5791
4 1089 1108 1109 63
4 1104 2499 1076 987
4 6240 1060 325 1055
4 5602 1006 318 999
4 896 769 1078 9614
4 1064 401 714 1112
4 827 1107 2475 1123
4 3656 1083 1054 615
4 4090 1091 1141 1126
4 872 7259 901 1070
4 1128 789 1101 922
4 2064 1145 1156 1103
4 1121 9019 988 159
4 4916 1125 894 1143
4 1144 1169 5651 405
4 1068 462 9894 1079
4 729 1066 1013 1150
4 417 1155 3678 1185
4 7834 419 1182 1031
4 1082 1189 1173 839
4 1183 1491 395 1175
4 346 1219 2548 1223
4 3024 1147 1124 1151
4 1097 921 3765 1158
4 5048 1163 1204 984
4 7945 1186 1211 1215
4 6170 1075 940 1138
4 1216 802 1213 7198
4 1193 131 4405 1222
4 4961 1171 1063 335
4 640 1004 1077 1102
4 1113 801 1229 1071
4 1232 1115 1195 467
4 5945 795 1139 1135
4 953 828 9965 1239
4 1176 1218 4685 1240
4 7937 1242 793 1207
4 1233 1236 1237 1142
4 2124 381 1046 1111
4 1065 83 1241 3302
4 840 4579 1244 1245
4 3272 1255 1251 359
4 1246 3795 1029 1062
4 8152 833 1217 648
4 968 1257 9986 1247
4 1262 5042 1134 1162
4 384 1131 868 1269
4 425 1059 1225 2141
4 480 1258 1252 3647
4 1273 1274 20 6677
4 7104 1280 1272 413
4 1281 1243 133 9295
4 1153 1267 1188 1734
4 2008 1148 1221 1254
4 1256 1226 1187 2070
4 1306 1300 621 7927
4 1264 1293 4702 1294
4 34 1301 5101 1263
4 1278 1309 6782 1310
4 1320 1314 550 7135
4 1291 1268 1238 854
4 1325 451 1324 5773
4 1168 1285 917 6495
4 1290 1707 1303 639
4 2115 1327 1334 1295
4 1312 1328 430 4430
4 1191 8058 1315 183
4 336 1149 147 37
4 1184 1002 1164 1338
4 1289 97 1198 1214
4 2080 1297 576 1119
4 1080 1093 4957 1319
4 842 1166 1330 5046
4 7201 1362 845 1343
4 1304 1305 7540 1342
4 1360 1345 443 94
4 1363 934 1365 2558
4 457 2922 1346 1190
4 986 4788 1354 1367
4 1120 229 1352 4917
4 1368 673 1370 5214
4 1384 7409 1323 1380
4 1317 1133 1087 8639
4 1333 1349 1341 431
4 7896 1316 1373 1356
4 977 733 1375 8063
4 1379 1386 3499 719
4 1405 1387 620 5653
4 1397 7825 1389 253
4 49 1099 1358 511
4 976 1265 499 935
4 1408 57 1398 6702
4 1177 7202 1391 23
4 7961 1417 185 1348
4 1146 1395 1172 1366
4 1392 193 1390 1830
4 1394 1058 1307 4886
4 1410 771 4964 31
4 153 1414 6381 1374
4 1337 9307 1412 1413
4 1137 1402 1428 3463
4 1298 1308 4509 1270
4 6176 1425 1432 1167
4 1400 7313 1420 1421
4 9568 1434 1355 1419
4 818 858 1446 1407
4 1457 82 1443 1279
4 1401 1044 1284 4983
4 3792 1463 1456 1431
4 1448 1441 1275 5295
4 1449 1442 6107 1447
4 1459 8612 414 1455
4 1399 1444 1335 3047
4 393 1458 1451 5772
4 1481 7595 1468 1350
4 1472 860 7757 1438
4 1473 487 1302 3607
4 530 1500 3940 1493
4 1465 204 1486 4135
4 1344 1482 4874 1424
4 1498 1036 5982 1439
4 1503 1515 1437 2727
4 3096 1474 1130 1478
4 1504 1489 1506 2228
4 2274 1495 1518 906
4 5713 1403 473 1521
4 1520 8338 1528 990
4 9305 1531 1454 1230
4 1192 1497 2964 1277
4 3896 1537 1331 1084
4 1490 6252 1543 1271
4 372 1460 636 1530
4 392 1353 1180 1560
4 1513 562 3228 1550
4 1547 1206 1525 3566
4 1545 1210 1548 1565
4 1573 68 3309 1566
4 1577 4322 1435 53
4 7136 1544 1539 1596
4 1581 1235 1572 8485
4 8608 512 1512 1470
4 1600 1603 1339 887
4 1576 1118 1602 5310
4 7305 1579 516 1580
4 1592 602 1851 1559
4 1557 3293 1534 1047
4 4240 1283 1605 1511
4 6168 211 1629 1630
4 1626 1404 1549 7543
4 1329 1479 1607 71
4 1499 796 4406 1567
4 1485 541 4925 1582
4 1462 1181 6550 1623
4 1617 1212 1555 7516
4 1608 8322 396 1604
4 9433 1466 1637 1286
4 1209 1643 1988 1622
4 1203 1276 1540 1631
4 1641 1651 86 6935
4 1105 8745 1644 1628
4 9129 1657 1655 39
4 1611 579 1660 7551
4 1376 9866 1475 1662
4 1170 1554 1436 1671
4 1588 4940 613 1326
4 1496 1659 1955 1558
4 5625 649 1647 1633
4 96 7145 1666 1674
4 321 9795 1675 1676
4 1208 1575 1614 7
4 152 1616 1812 1541
4 4185 1692 1710 1569
4 1227 1599 1646 9527
4 170 1514 8116 1266
4 1672 1553 1597 3437
4 960 1664 1645 4141
4 1670 477 1615 5383
4 1578 1635 1612 47
4 1680 1682 4131 1012
4 1369 5219 1715 1415
4 7579 885 1694 1719
4 1698 1697 594 1196
4 1032 1322 1619 1702
4 1288 849 1450 1477
4 2456 1517 1693 1709
4 1585 3114 1461 1690
4 738 1469 7326 1687
4 8465 1689 1132 1663
4 168 1721 8851 1733
4 9552 1627 1452 1691
4 465 1722 1727 4167
4 1730 2259 1179 1654
4 1736 898 4235 1739
4 1741 1745 4637 711
4 1488 1706 1685 7359
4 1752 9 1748 1757
4 3042 1686 1699 1086
4 1746 1658 1292 3142
4 1760 1738 956 766
4 1501 1769 725 1094
4 1713 1753 1613 1758
4 1696 1731 1771 7231
4 1074 708 1742 1772
4 608 1780 1773 4655
4 1594 1759 5006 1127
4 1779 5652 252 1494
4 1776 1782 1546 1934
4 1296 1762 1764 3686
4 1784 1777 1583 7583
4 1785 9539 1790 1791
4 1749 9690 1157 1634
4 1805 1220 532 1797
4 848 1794 1795 2686
4 1792 5873 1650 307
4 2962 1813 1770 1786
4 4074 1811 1804 1798
4 1801 4561 1803 1766
4 1816 726 5494 1823
4 825 7715 1828 1829
4 1638 1834 9525 1318
4 1842 3844 756 1806
4 4657 1844 1863 1311
4 1832 8803 1653 1774
4 1593 1826 1855 9263
4 916 1868 1862 727
4 2481 706 1875 1725
4 3072 1665 899 1700
4 8553 1586 1809 1815
4 1640 723 1860 1870
4 1881 1050 644 1879
4 1788 1893 1894 1895
4 1695 1882 1872 4847
4 1896 850 7083 1789
4 4112 1880 1852 1480
4 1858 4475 1516 1871
4 1854 6129 355 1606
4 1850 6957 1887 1703
4 439 1900 1901 2759
4 1859 1683 3357 1906
4 1610 1902 1910 4102
4 456 1775 1903 7447
4 1905 8250 1838 1551
4 1921 210 8387 1914
4 1913 10 9235 1919
4 1864 1897 9532 893
4 1728 1916 9917 1911
4 1907 1563 1933 62
4 1920 835 1925 2982
4 208 1926 4374 1831
4 7088 1808 1857 1652
4 1924 1929 1885 2293
4 2736 1940 924 1989
4 1161 1938 7196 1846
4 8736 1917 206 1927
4 1313 1946 1299 1957
4 1625 1538 1945 3519
4 1960 1802 8332 1972
4 954 1947 1716 1661
4 1962 3196 1964 1950
4 1848 1371 1931 213
4 7032 1781 1453 1966
4 1944 433 7308 1982
4 7648 1649 1890 1796
4 1656 1667 1165 8375
4 1970 1194 859 1867
4 4320 1967 404 1799
4 8010 1532 1981 502
4 1201 9196 1869 1991
4 1968 9946 2005 1117
4 1824 1997 1909 1591
4 2017 2045 2014 1199
4 2003 1409 5163 1942
4 889 1618 6547 1971
4 385 2015 2027 9063
4 1754 1418 1977 1642
4 1990 1724 500 1974
4 33 2004 2001 2726
4 2032 1377 4076 2022
4 5777 2029 1973 1999
4 6882 804 2021 2031
4 1840 2034 2060 1941
4 2048 1793 2342 2054
4 3337 1995 1956 919
4 1891 2018 4619 1958
4 5904 2063 2053 1519
4 1984 1250 6611 2037
4 2040 2041 1898 7725
4 8193 2010 2030 1841
4 2056 2012 1502 8767
4 1568 1835 2044 2038
4 1937 2652 1877 2071
4 3689 2067 2069 297
4 6178 2042 2078 1679
4 2073 9106 1669 1574
4 992 2083 1259 2052
4 1624 1985 2340 1992
4 4402 931 2076 2093
4 2088 1321 2090 5172
4 1951 1899 2084 9119
4 2544 1932 2077 2092
4 2099 3155 909 1987
4 1969 8644 2065 2103
4 1433 2058 1892 2100
4 4490 1282 2109 2111
4 2113 2107 4638 735
4 4912 2051 2098 1043
4 1915 2114 4995 2087
4 1836 2013 9966 2119
4 2130 1621 2118 263
4 1040 1873 2642 2135
4 3170 2131 2132 2110
4 3672 2049 1954 1751
4 2097 2133 6558 1159
4 2145 1090 9747 2150
4 586 2059 2151 2079
4 2156 2146 300 2085
4 2158 2139 2749 1822
4 3648 2180 1106 2082
4 2174 2175 1406 3775
4 120 290 1928 2183
4 201 2177 1027 1878
4 2066 3757 2182 949
4 1768 5729 2195 2047
4 1440 8626 2187 2194
4 9344 2171 172 2140
4 9576 2122 1732 2197
4 1536 2209 2157 3542
4 2188 124 3781 2108
4 2208 1110 2189 5686
4 2223 2217 6038 750
4 2192 1819 2219 6534
4 6913 2147 2116 1918
4 2234 7451 1197 2214
4 2050 2204 7494 1935
4 2152 2178 7851 2247
4 136 8601 2233 2075
4 1688 1705 2236 2828
4 3257 2218 2255 559
4 2224 2026 4139 2011
4 2250 1761 2201 7643
4 635 2161 6571 2126
4 520 2104 2244 8478
4 2256 2252 774 2095
4 313 142 2253 4550
4 1464 2128 5931 2230
4 489 2258 2225 6567
4 2168 2251 7148 149
4 8138 2262 2261 1174
4 2273 2211 8397 198
4 2176 1963 2628 2039
4 2153 3889 1332 2263
4 2154 5156 1949 2181
4 7464 2266 2202 1904
3 2248 7545 1590
3 2270 597 7814
3 403 2284 678
3 1849 1763 2086
3 2257 2323 2142
3 3593 1426 2166
3 8186 234 2186
3 2024 2276 9542
3 328 2280 464
3 1595 676 1979
3 2035 2862 2283
3 2269 1021 2870
3 2016 1445 4150
3 1152 2249 4244
3 2200 45 6134
3 2206 164 9302
3 2264 1818 2795
3 3112 2121 2238
3 3376 1778 2216
3 2138 3475 2279
3 4058 1755 2286
3 6537 2074 2019
3 1865 2220 7862
3 18 1598 2287
3 2275 2300 1381
3 2242 2308 2290
3 1010 8997 2229
3 2285 2173 9151
3 1529 9275 2291
3 9713 1234 2292
3 58 2310 151
3 2299 2302 4959
3 2306 6467 471
3 2312 2057 6927
3 1978 2317 7079
3 688 2136 8187
3 8865 2101 2319
3 2170 1783 9559
3 2321 2172 1383
3 2315 2036 1639
3 2137 2316 2213
3 2314 2814 1807
3 2297 2322 4390
3 5081 11 2301
3 978 2339 4044
3 2068 5366 1535
3 2336 2105 7316
3 8233 2235 2134
3 289 8242 2332
3 2144 2338 8267
3 2298 9900 622
3 1416 3451 2325
3 1587 3708 2324
3 3840 1507 2327
3 2179 3869 1527
3 2354 8115 2205
3 4480 947 2341
3 1129 8259 2350
3 1961 2346 1711
3 2352 5609 1522
3 2361 1986 6147
3 2184 2355 6171
3 2349 709 7166
3 2120 2362 7445
3 1712 2379 7703
3 2360 8506 1959
3 9528 1965 2366
3 2369 2294 446
3 778 2347 884
3 2344 2371 2123
3 3842 1422 2359
3 1953 1874 5845
3 7673 2365 117
3 8616 2296 2272
3 8849 2002 2239
3 1160 2363 1837
3 2305 834 2348
3 2387 1533 8079
3 9243 2374 1471
3 9320 2210 2383
3 9873 145 2380
3 2240 1049 2372
3 2143 1814 1839
3 1936 2328 2231
3 2160 2370 2396
3 1393 2403 2267
3 1993 3526 2207
3 1178 2404 3583
3 2260 5540 2391
3 2106 2394 8094
3 2232 2281 245
3 2373 654 2199
3 1136 171 2227
3 2408 2243 1430
3 2313 2268 2413
3 2397 2237 3126
3 2416 1939 4837
3 5096 2409 1952
3 1100 8101 2414
3 2421 8430 2326
3 912 2193 333
3 1552 2411 2000
3 2385 1205 2023
3 6050 2386 2303
3 737 6123 2311
3 2330 2046 6359
3 2377 2033 8167
3 2392 1378 9605
3 2289 1509 2335
3 3913 2429 2357
3 2333 2430 5359
3 1009 7267 2420
3 7944 1632 2149
3 2304 9514 2378
3 2985 2438 2102
3 2425 540 3950
3 0 2393 4284
3 5136 2405 1983
3 1668 2441 5324
3 1526 2419 7726
3 2424 8509 1886
3 2368 9921 2418
3 2426 1116 687
3 2944 2376 2445
3 2455 1833 4551
3 2390 2433 5854
3 7385 2434 2334
3 7953 2436 2423
3 8036 2277 2062
3 2384 2446 8286
3 2440 2125 9374
3 2443 373 2399
3 2282 844 2415
3 2920 1347 2448
3 2454 4902 87
3 2450 6300 1589
3 2412 995 6580
3 6777 1154 2458
3 7008 2447 2271
3 2215 2449 1767
3 2460 1980 2535
3 3106 2452 1023
3 1200 3745 2444
3 2465 4498 1636
3 5209 2410 2439
3 6842 1843 2470
3 2474 7522 2028
3 2471 797 8367
3 9784 2320 2477
3 2169 1765 1231
3 2468 1884 1845
3 3618 2478 2406
3 3632 1883 2491
3 3899 2485 2318
3 6481 2482 1998
3 7466 2493 2382
3 9289 2473 2494
3 1856 65 2496
3 730 1427 2501
3 970 2674 2497
3 2817 1508 2487
3 2507 3253 6
3 2432 7922 2510
3 2476 2427 9340
3 2203 2356 2431
3 1096 5665 2519
3 2523 6060 236
3 432 2505 8348
3 9856 2288 2479
3 177 2435 2511
3 2515 1718 2718
3 2504 4690 2503
3 5600 2480 2358
3 6985 2500 2517
3 2072 6989 2472
3 2521 7026 2402
3 2534 8701 1678
3 9283 1923 2526
3 9722 2524 2190
3 2539 28 463
3 2337 7700 2542
3 634 9732 2367
3 2537 174 9942
3 593 2540 513
3 2994 2388 2492
3 2528 3002 2091
3 2547 1820 5622
3 2508 1411 7756
3 2513 8026 2451
3 1744 2561 1359
3 2522 3083 2530
3 2568 2417 4151
3 2576 4965 1351
3 2518 1750 5919
3 7920 2164 2543
3 8346 2163 773
3 2557 8563 2533
3 2400 2559 9111
3 1584 780 2581
3 2483 1996 2525
3 2588 2572 589
3 2569 2941 2159
3 2552 4516 2502
3 2422 2541 6582
3 1261 6638 2583
3 2512 7050 1620
3 2464 2577 8047
3 8697 2278 2593
3 1800 8721 2606
3 9691 2556 2574
3 362 2579 1357
3 1817 2254 2599
3 2553 3229 1975
3 6313 2546 1853
3 2609 2498 7212
3 8834 2594 1487
3 9649 2466 2613
3 2605 2619 2597
3 6329 2551 1847
3 8253 1726 2469
3 923 9252 2580
3 656 745 2614
3 2562 1085 2615
3 2560 2616 2364
3 9778 2309 2607
3 2617 522 2554
3 1336 2611 2453
3 2529 1372 2631
3 2571 1483 2623
3 1825 2618 3485
3 2520 4137 2573
3 2626 1821 4951
3 2624 5962 1253
3 2603 7209 2307
3 2625 139 9366
3 2637 2343 103
3 2587 717 1015
3 2009 1260 2620
3 2802 2630 2567
3 2550 3356 2198
3 1361 2610 4582
3 1708 6316 2638
3 2602 6363 2532
3 2578 2020 8839
3 2129 9443 2636
3 1922 9779 2639
3 2640 2514 251
3 2641 2612 565
3 2643 2644 1861
3 2112 2586 2527
3 2025 2622 4351
3 4352 2648 2467
3 2570 6477 2646
3 2633 6602 1562
3 2650 8477 2654
3 2645 2655 9751
3 2658 67 926
3 2495 2651 2647
3 3368 2666 1723
3 6426 2667 1908
3 2660 2375 2351
3 2635 5891 2670
3 2684 5909 1542
3 8811 2596 2677
3 2656 2905 2665
3 1681 2675 3443
3 2185 6994 2678
3 2657 2634 7119
3 2245 2679 8199
3 2682 9123 900
3 9154 2659 2695
3 2690 836 9365
3 257 1930 2564
3 2664 645 2663
3 2699 1340 2629
3 3089 2490 2708
3 2680 4259 2165
3 5793 1994 2701
3 2688 2329 7629
3 17 2538 9124
3 2696 2693 214
3 1976 2653 2463
3 2536 2563 2691
3 2692 5492 2381
3 2673 1429 7671
3 1720 2714 7981
3 2719 8614 534
3 2681 2595 8751
3 2632 2700 332
3 1202 1523 2710
3 2704 2712 1510
3 1787 301 2671
3 2442 3379 2717
3 2721 2484 4884
3 2608 2698 6415
3 264 7330 2703
3 1224 9325 2735
3 9585 2661 2733
3 1704 1701 2720
3 178 2737 2162
3 3496 2715 2591
3 2706 2748 4134
3 2729 2724 4293
3 628 4357 2742
3 1037 2755 4477
3 2760 7489 2601
3 2738 2725 7911
3 8947 2739 2743
3 9546 2740 2662
3 2744 9629 2191
3 2753 2668 9806
3 2764 60 2549
3 1609 2758 3062
3 1382 2757 3214
3 1249 3308 2761
3 2768 1866 5239
3 5593 2777 525
3 1073 188 2767
3 1001 2774 2734
3 2745 2756 2957
3 2778 1228 4557
3 2770 4867 2604
3 5544 1912 2773
3 2792 6666 2461
3 2649 8163 2779
3 8200 2780 2516
3 2784 2697 8501
3 2488 8923 2787
3 9363 2747 2782
3 9968 642 2800
3 1601 2788 877
3 2794 1717 2486
3 5149 2750 2791
3 5330 2685 2709
3 529 6914 2763
3 8529 2796 2789
3 2793 2730 8835
3 2815 2683 9511
3 2722 9930 2437
3 2813 2669 9974
3 2689 1740 2582
3 2810 2621 4222
3 2428 5236 2790
3 2816 2506 5244
3 2818 2702 5518
3 2797 5733 2807
3 2713 3 6956
3 2801 2820 7934
3 1888 8003 2822
3 2832 8779 2565
3 1505 2769 2812
3 2786 2826 4711
3 2754 5332 2829
3 2844 846 5991
3 6297 2830 2799
3 2694 6342 2823
3 7057 2221 2833
3 2803 2837 7391
3 1056 1564 2845
3 2776 2842 1735
3 2834 2838 4727
3 4977 197 2849
3 2531 7613 2775
3 8651 1467 2846
3 8658 358 2847
3 9545 2771 2831
3 296 2851 2772
3 2840 2825 1364
3 2751 2853 2575
3 2401 3730 2839
3 2821 2555 7677
3 2785 9166 2855
3 2746 2850 3750
3 2824 2856 4331
3 4696 2857 2863
3 2864 2835 6188
3 2858 1948 7415
3 2865 2731 7439
3 8040 2860 2711
3 2867 2827 8431
3 3120 2866 2868
3 2716 4572 2869
3 5529 2805 2871
3 1648 2885 5758
3 5970 2893 2398
3 2880 7153 2888
3 7344 2883 2808
3 9962 2882 2006
3 2873 2676 791
3 2898 1747 2894
3 7210 2874 2884
3 2904 1743 7647
3 8915 915 2901
3 2896 2081 8990
3 2841 9419 2910
3 9426 2876 2886
3 2909 2509 407
3 2872 2914 3579
3 4161 556 2917
3 2897 2741 4415
3 2923 85 4717
3 2889 2890 5028
3 2921 5131 2389
3 5808 2913 2915
3 7699 2781 2902
3 8168 2762 2918
3 8449 2930 2407
3 2906 2931 9550
3 3473 2908 2925
3 5488 2938 2916
3 5683 2732 2926
3 2600 5835 2933
3 6738 2899 2934
3 2940 2881 7972
3 8056 2226 2943
3 2945 8579 2919
3 2960 2965 767
3 2672 2971 1061
3 2969 1714 2836
3 2043 2900 2955
3 2265 2148 2895
3 1827 2973 3655
3 2936 5074 2878
3 5728 2954 2967
3 6042 2948 2958
3 6616 2970 2911
3 7824 2972 55
3 2953 8418 2959
3 2975 2852 9271
3 2848 9341 2984
3 2859 2979 9397
3 2966 1876 902
3 2976 1673 2949
3 2928 2978 3087
3 6273 2986 2951
3 2809 6419 2981
3 2961 6627 2974
3 7250 2963 2988
3 8866 2989 2991
3 9569 2946 2995
3 2992 2993 631
3 2952 2980 3000
3 2996 3830 2998
3 3013 2929 3845
3 5720 2987 3007
3 6144 3009 3005
3 2592 3010 8470
3 3003 8548 3014
3 3016 2997 8607
3 760 1889 3032
3 3040 3006 3223
3 3026 3834 2950
3 2705 2942 4870
3 3008 6742 3023
3 3018 2947 7524
3 8625 3036 3039
3 3034 3030 9566
3 9626 3027 3043
3 3017 3025 9853
3 2089 1571 3046
3 3033 2892 3167
3 3056 3306 3004
3 3041 5155 3019
3 5553 3051 2956
3 6226 3012 3061
3 2457 6309 3063
3 6410 3035 3045
3 2875 3052 8487
3 3065 3021 8702
3 9572 3054 2903
3 3048 3067 9797
3 2811 3059 2055
3 3064 3137 2854
3 3978 3066 2127
3 3068 3069 4367
3 4960 3080 3071
3 6336 3049 1570
3 6377 3093 2167
3 3081 1476 8132
3 8659 3044 3053
3 9048 2990 3079
3 1810 3076 3077
3 3905 1122 3094
3 4600 2977 3058
3 3074 3038 5375
3 5864 3073 3084
3 6192 3075 3100
3 2891 7155 3070
3 3088 3090 7436
3 1943 3098 7567
3 3057 7748 2887
3 2007 3091 8183
3 9250 3108 3085
3 3101 3557 3086
3 3673 3099 3095
3 4649 3050 3103
3 5610 3116 3118
3 3113 3082 278
3 2627 3109 3271
3 3119 2806 3791
3 3128 3870 3111
3 3117 3102 4079
3 3129 3122 4524
3 6384 3130 3138
3 2983 3143 8671
3 3060 9718 3140
3 3105 3139 875
3 4043 3124 3148
3 4200 3152 3151
3 3020 4861 3159
3 3104 6058 3160
3 6769 3162 3037
3 9689 2804 3173
3 9952 3165 3150
3 3163 283 3157
3 2353 3154 2295
3 3110 3001 3097
3 2924 3123 5308
3 3133 6028 3125
3 3158 6198 3175
3 3144 6747 3166
3 3168 3115 8707
3 3180 3177 8940
3 3171 9265 2707
3 9746 3179 3092
3 9843 3174 3183
3 3857 3172 2999
3 3944 3146 3164
3 3121 5476 3181
3 3185 3156 7253
3 3182 3078 9871
3 2912 3161 3184
3 5170 3147 3190
3 3192 3193 6010
3 2241 6662 3191
3 3187 3197 7302
3 3200 8172 3206
3 3178 9078 3198
3 2937 1140 3215
2 3131 3367
2 3202 3997
2 7412 3031
2 7443 2590
2 8204 2462
2 8297 3186
2 3204 8677
2 9507 2879
2 3194 3278
2 4179 3011
2 3022 4527
2 4532 3207
2 3169 4706
2 6578 3127
2 3136 7118
2 7880 3211
2 3219 8453
2 9755 3132
2 3141 2927
2 3210 3028
2 3189 4469
2 3209 4607
2 3218 5203
2 3195 5207
2 56 6012
2 6146 3205
2 3201 6483
2 3227 6981
2 3213 7095
2 3217 7103
2 8442 3220
2 8683 3199
2 3728 3208
2 3885 3221
2 3224 5803
2 5849 3222
2 3230 6110
2 6320 2939
2 7696 3145
2 3225 7978
2 8670 3231
2 2907 9695
2 3232 2585
2 3234 3508
2 3236 6757
2 3216 7319
2 7617 3238
2 3241 7618
2 8964 2783
2 3233 2877
2 3107 3518
2 3242 4474
2 4565 3237
2 4617 3243
2 4883 3245
2 3250 6370
2 7296 3249
2 7603 3244
2 8722 3247
2 3240 8929
2 3561 3252
2 3736 3246
2 3877 3254
2 4307 3255
2 3256 5174
2 3251 5197
2 3235 6444
2 6498 3263
2 3259 7861
2 3260 8750
2 3226 8932
2 3264 9908
2 1684 3261
2 3248 3262
2 3362 3269
2 3277 3375
2 4786 3270
2 3275 4871
2 3153 5785
2 3268 7759
2 3266 8692
2 3282 8895
2 3279 9359
2 9464 3284
2 137 2765
2 1484 3285
2 4038 3287
2 3288 4439
2 3265 5902
2 7536 3267
2 3289 8524
2 3283 9599
2 3291 3892
2 4361 3258
2 3294 7870
2 8328 3212
2 3296 3511
2 4292 3286
2 4521 3274
2 3300 5278
2 3298 5462
2 6296 3281
2 3303 6367
2 3290 8874
2 8956 3301
2 9880 3307
2 3304 2798
2 3305 3853
2 3314 4975
2 3315 5823
2 3292 7678
2 3310 7823
2 3312 8466
2 8637 3311
2 3317 9197
2 3319 3055
2 3544 3331
2 3320 5341
2 5547 3326
2 3280 5839
2 3328 6231
2 6656 3318
2 7041 3321
2 7178 3239
2 9769 3203
2 9849 3316
2 3134 2566
2 4668 3325
2 4946 3327
2 5705 3029
2 3336 5941
2 3299 6220
2 6577 3333
2 6605 3342
2 3345 6965
2 3334 7463
2 3313 8527
2 9425 3335
2 3338 9907
2 9961 3329
2 5378 3343
2 5441 3322
2 3332 5998
2 6938 3346
2 3348 7255
2 9984 3340
2 3350 5503
2 5548 3351
2 3341 6389
2 7130 3276
2 3297 7215
2 3349 7238
2 3769 3354
2 4604 3364
2 5250 3355
2 3360 6715
2 3363 7363
2 8516 3359
2 9014 3358
2 3361 9350
2 3344 3516
2 3746 3374
2 3969 3366
2 3352 4663
2 4731 3365
2 3369 5151
2 3372 5446
2 3377 5563
2 6856 3378
2 7740 3373
2 3370 8363
2 3353 8931
2 9092 3380
2 3384 5271
2 5649 3383
2 3323 6583
2 6752 3386
2 8714 3324
2 9168 3387
2 3371 2766
2 3381 5118
2 3385 5325
2 5579 3388
2 3389 6205
2 6266 3339
2 3347 6364
2 3382 6526
2 6540 3390
2 3393 7218
2 7624 3330
2 7778 3391
2 3397 9597
2 3394 9741
2 3395 9895
2 3392 3540
2 3402 4093
2 6133 3398
2 3404 7149
2 3399 8239
2 3400 9121
2 9161 3396
2 3403 4491
2 3405 4990
2 6396 3406
2 3408 7518
2 3401 7558
2 3409 8081
2 8673 3410
2 8833 3415
2 3414 9182
2 3421 9214
2 3417 9450
2 3418 4230
2 3419 5007
2 3413 5013
2 5017 3423
2 3427 5948
2 3411 8059
2 8161 3426
2 3674 3429
2 4627 3430
2 3416 5574
2 5627 3431
2 5899 3412
2 3424 6052
2 3432 6451
2 7499 3188
2 3433 7839
2 3435 8044
2 8650 3407
2 8824 3436
2 3434 9246
2 3425 9390
2 3441 9594
2 3691 3447
2 3442 4126
2 5056 3440
2 3448 5875
2 3444 6149
2 7152 3450
2 3449 7346
2 7692 3446
2 3445 8198
2 3452 8293
2 6680 3439
2 7204 3453
2 3459 7983
2 8617 3460
2 3456 9135
2 3932 3454
2 3461 6102
2 3458 6623
2 6721 3428
2 3462 7318
2 3465 8247
2 9490 3455
2 3468 9719
2 3608 3467
2 3828 3469
2 3483 5879
2 6157 3470
2 3472 6215
2 6645 3471
2 3478 7151
2 7278 3479
2 7752 3466
2 8305 3474
2 3464 8609
2 3481 8653
2 3488 9588
2 3973 3438
2 3490 4555
2 3489 6036
2 6731 3487
2 7954 3492
2 3497 8606
2 3494 9414
2 3477 9471
2 9580 3486
2 9776 3501
2 3480 3476
2 3500 3677
2 3692 3495
2 4650 3502
2 4859 3503
2 3507 5487
2 3512 5513
2 6193 3510
2 6256 3513
2 3506 9286
2 3493 4671
2 5824 3514
2 3520 7375
2 3504 8652
2 3515 9852
2 4170 3524
2 3509 5815
2 3523 6350
2 3525 6685
2 3491 6703
2 3530 8134
2 3528 8578
2 3522 9382
2 9499 3532
2 3533 3527
2 3808 3535
2 3545 3891
2 3546 4522
2 3548 4573
2 6531 3534
2 3529 9276
2 4496 3537
2 4792 3538
2 5058 3482
2 3521 5061
2 3550 5559
2 3536 5981
2 3531 6111
2 6152 3543
2 7764 3551
2 7888 3539
2 3552 8258
2 8434 3554
2 3549 4054
2 3517 6206
2 6443 3556
2 3541 6741
2 6984 3565
2 3555 8468
2 3560 8537
2 3562 3895
2 3568 4933
2 3547 5094
2 3569 6053
2 7105 3571
2 7475 3558
2 7875 3572
2 8342 3575
2 3576 8684
2 3563 9238
2 3574 9407
2 3589 9637
2 3577 3573
2 3564 4725
2 3570 4997
2 3580 6228
2 3584 7542
2 3581 7734
2 3422 8967
2 9241 3578
2 3588 9799
2 3553 3980
2 3582 4055
2 3587 4611
2 4814 3591
2 3592 4857
2 3585 6306
2 3594 7413
2 7512 3590
2 7777 3597
2 9165 3599
2 3586 9675
2 9748 3598
2 4442 3603
2 3604 4661
2 4865 3601
2 5371 3559
2 3600 5418
2 7610 3602
2 7884 3606
2 9326 3567
2 9714 3595
2 9730 3605
2 3609 4091
2 4592 3611
2 4636 3612
2 3498 4692
2 3613 4774
2 3610 5710
2 6628 3614
2 3619 6651
2 6676 3620
2 6932 3623
2 7219 3622
2 7361 3615
2 3624 7993
2 8032 3621
2 8035 3631
2 3627 8907
2 3625 9530
2 3616 9602
2 9761 3634
2 9864 3630
2 3633 4703
2 4875 3637
2 3628 4989
2 3642 5644
2 6155 3636
2 6849 3617
2 3638 7286
2 3635 7406
2 3643 7659
2 9376 3640
2 3912 3639
2 3924 3644
2 4066 3646
2 3641 4363
2 3652 4381
2 3649 4716
2 3650 5044
2 5235 3653
2 3645 5517
2 5794 3651
2 6557 3654
2 3802 3659
2 3596 3839
2 3945 3658
2 4187 3660
2 4506 3661
2 3664 4926
2 3666 5035
2 3667 6326
2 6827 3668
2 7090 3663
2 3670 7526
2 3669 7662
2 7841 3681
2 8123 3662
2 8176 3671
2 3675 9523
2 9896 3676
2 9976 3657
2 4656 3682
2 3683 4771
2 4904 3680
2 5020 3685
2 3688 5671
2 3684 6365
2 3665 6733
2 7003 3687
2 7074 3693
2 7594 3695
2 3699 8423
2 9016 3696
2 4064 3701
2 4089 3698
2 3705 4410
2 3690 5916
2 6366 3679
2 6380 3702
2 6794 3694
2 6976 3709
2 3700 7382
2 7733 3703
2 8241 3706
2 9650 3710
2 3704 9922
2 3707 4559
2 4773 3711
2 3713 5389
2 5474 3714
2 5530 3716
2 3720 6289
2 6673 3722
2 3712 7037
2 3723 8333
2 3721 4412
2 5205 3725
2 5355 3717
2 6436 3718
2 7356 3719
2 3726 7374
2 7432 3731
2 7683 3732
2 3729 8597
2 9220 3733
2 9368 3735
2 9453 3734
2 3760 3737
2 3906 3727
2 3738 4879
2 5336 3739
2 5898 3740
2 6076 3741
2 6800 3742
2 3744 6988
2 7914 3747
2 8432 3751
2 3754 8861
2 9456 3752
2 9848 3755
2 3756 9988
2 3753 4495
2 6361 3758
2 6857 3762
2 8019 3749
2 3764 4375
2 4478 3759
2 4720 3766
2 5178 3767
2 5457 3763
2 5489 3743
2 3768 6490
2 3761 6514
