160
4 0 9 2 4
4 1 35 28 93
4 8 16 3 39
4 26 51 42 5
4 32 37 6 22
4 57 63 94 7
4 10 77 29 23
4 11 68 85 87
4 97 196 12 190
4 19 13 46 143
4 103 197 14 30
4 83 43 36 15
4 17 252 44 53
4 40 18 110 31
4 24 20 45 126
4 168 58 21 286
4 62 25 34 54
4 102 75 27 38
4 33 82 333 369
4 48 41 50 134
4 423 420 118 47
4 49 67 70 55
4 80 146 52 84
4 56 122 60 104
4 88 74 59 95
4 114 127 61 71
4 64 66 222 142
4 96 65 116 78
4 130 99 76 69
4 72 131 140 79
4 73 106 173 135
4 81 441 133 86
4 89 90 124 148
4 112 115 98 91
4 100 107 92 136
4 145 109 101 119
4 105 161 125 149
4 132 169 108 179
4 216 129 224 111
4 113 220 117 157
4 120 137 139 229
4 121 153 164 167
4 178 123 172 151
4 128 162 152 184
4 202 138 156 223
4 241 227 141 206
4 144 239 158 183
4 150 147 171 182
4 248 209 154 191
4 176 194 155 166
4 160 186 205 159
4 185 250 163 187
4 211 165 366 215
4 177 170 228 253
4 232 226 174 175
4 188 204 180 238
4 192 243 181 270
4 265 293 260 189
4 193 247 198 246
4 233 218 195 291
3 257 203 199
3 200 201 262
3 244 214 207
3 208 217 236
3 272 225 210
3 275 212 303
3 314 235 213
3 259 219 245
3 323 268 221
3 234 290 230
3 289 242 231
3 251 237 254
3 240 288 255
3 296 249 307
3 256 308 335
3 321 273 258
3 317 284 261
3 264 304 263
3 266 267 269
3 274 278 271
3 280 276 287
3 277 318 327
3 331 343 279
3 320 281 283
3 282 338 285
3 339 292 294
3 313 325 295
3 297 315 357
3 344 361 298
3 386 299 349
3 380 305 300
3 393 301 374
3 316 341 302
3 306 404 398
3 322 340 309
3 346 355 310
3 353 383 311
3 312 354 324
3 418 379 319
3 342 478 326
3 328 345 368
3 329 370 332
3 330 381 413
3 408 334 359
3 336 385 389
3 337 402 363
3 394 347 351
3 348 365 391
3 360 350 416
3 352 428 406
3 362 435 356
3 378 436 358
3 377 364 373
3 384 401 367
3 465 371 390
3 395 372 382
3 440 405 375
3 376 466 426
3 387 388 461
3 392 449 397
2 396 399
2 400 407
2 403 412
2 409 411
2 456 410
2 425 414
2 421 415
2 417 422
2 419 452
2 424 432
2 427 445
2 429 446
2 437 430
2 450 431
2 433 453
2 457 434
2 451 438
2 468 439
2 458 442
2 464 443
2 444 469
2 460 447
2 448 470
2 454 471
2 472 455
2 459 476
2 477 462
2 481 463
2 467 483
2 473 487
2 474 485
2 496 475
2 488 479
2 480 489
2 482 491
2 484 493
2 490 486
2 492 494
2 497 495
2 498 499
