1628
3 1 59 15
3 2 398 14
3 21 19 421
3 35 604 5
3 50 820 29
3 8 36 998
3 1248 73 42
3 1729 75 52
3 64 1737 90
3 66 1756 46
3 43 84 2094
3 2395 92 79
3 2489 98 99
3 2584 48 100
3 2589 102 95
3 104 41 2861
3 125 116 3629
3 80 3987 109
3 4386 107 122
3 5121 113 135
3 88 105 5231
3 155 5357 167
3 5515 141 166
3 119 127 5583
3 5796 205 126
3 5905 158 134
3 5913 243 246
3 130 165 6255
3 6312 244 223
3 6404 261 231
3 112 6459 212
3 6584 26 250
3 6632 129 161
3 232 91 6655
3 176 233 6735
3 7064 27 222
3 138 187 7262
3 74 266 7444
3 7529 220 276
3 237 196 7549
3 162 7569 114
3 7704 282 239
3 259 235 7710
3 140 106 7796
3 273 7923 271
3 320 265 8148
3 285 8197 254
3 247 284 8407
3 72 8452 182
3 8754 330 317
3 8785 331 191
3 8873 267 295
3 51 9004 310
3 324 38 9487
3 9612 190 238
3 344 9906 242
3 0 20 31
3 16 3 12
3 4 13 30
3 40 81 6
3 69 22 7
3 9 123 269
3 10 93 61
3 160 25 11
3 56 17 228
3 194 18 179
3 128 57 23
3 24 33 77
3 186 28 76
3 32 78 54
3 34 68 39
3 83 37 86
3 260 44 101
3 108 45 94
3 209 229 47
3 49 225 121
3 154 53 175
3 192 275 55
3 248 58 115
3 163 60 87
3 202 62 286
3 216 326 63
3 65 145 181
3 144 67 277
3 174 70 111
3 314 294 71
3 329 82 306
3 131 85 207
3 89 156 118
3 96 274 152
3 97 169 143
3 199 215 103
3 345 157 110
3 304 139 117
3 120 312 195
3 148 124 255
3 132 327 303
3 184 133 173
3 136 262 208
3 280 137 147
3 168 180 142
3 146 149 230
3 200 189 150
3 193 252 151
3 224 153 198
3 272 178 159
3 171 164 334
3 170 203 183
3 188 339 172
3 256 177 322
3 185 302 279
3 309 292 197
3 201 308 350
3 218 204 298
3 338 206 311
3 217 210 291
3 323 211 319
3 353 227 213
3 354 214 351
3 299 219 221
3 249 226 268
3 241 234 315
3 364 236 335
3 240 288 352
3 337 258 245
3 251 340 367
3 357 253 359
3 363 257 355
3 287 366 263
3 264 365 349
3 361 270 343
3 325 278 375
3 368 281 369
3 356 283 316
3 289 347 342
3 290 307 382
3 296 360 293
3 408 297 346
3 377 300 374
3 378 301 383
3 321 305 341
3 313 387 318
3 328 386 380
3 332 389 399
3 348 333 397
3 336 418 416
3 402 379 358
3 376 362 420
3 426 370 429
3 434 371 391
3 388 394 372
3 438 373 406
3 393 381 390
3 384 410 440
3 400 385 432
3 392 409 436
3 442 395 403
3 411 396 414
3 401 428 413
3 423 404 415
3 412 405 430
3 424 445 407
3 417 419 427
3 437 422 447
3 425 433 449
3 448 435 431
3 450 444 439
3 441 452 454
3 443 470 475
3 460 469 446
3 474 451 468
3 488 490 453
3 456 466 455
3 457 458 476
3 459 492 462
3 461 494 479
3 497 495 463
3 464 465 472
3 473 482 467
3 483 484 471
3 480 496 477
3 481 478 486
3 491 485 487
3 489 498 501
3 493 502 503
3 504 499 500
3 505 506 507
3 508 510 511
3 513 517 509
3 512 521 518
3 520 514 515
3 523 516 519
3 528 522 524
3 531 525 527
3 533 526 535
3 529 542 543
3 536 530 544
3 537 539 532
3 546 534 551
3 538 540 548
3 552 547 541
3 545 549 553
3 555 557 550
3 560 554 563
3 561 556 564
3 568 569 558
3 570 566 559
3 562 571 567
3 577 565 575
3 572 573 582
3 578 580 574
3 576 585 579
3 584 581 583
3 586 587 588
3 592 589 591
3 595 590 599
3 593 605 606
3 609 594 614
3 601 596 597
3 602 598 623
3 600 603 607
3 608 612 613
3 617 610 619
3 616 611 615
3 624 618 620
3 625 627 621
3 633 622 655
3 626 635 630
3 641 628 629
3 647 657 631
3 632 636 637
3 649 634 661
3 640 638 639
3 642 653 650
3 648 643 663
3 658 659 644
3 664 665 645
3 651 667 646
3 660 652 677
3 668 654 679
3 656 670 671
3 672 662 680
3 666 692 685
3 673 681 669
3 690 674 694
3 675 691 686
3 699 676 701
3 698 678 695
3 689 682 702
3 713 683 710
3 716 684 718
3 705 707 687
3 688 700 696
3 704 697 693
3 712 708 703
3 721 706 715
3 720 722 709
3 719 732 711
3 714 724 743
3 729 748 717
3 736 723 731
3 744 725 726
3 733 742 727
3 728 746 734
3 730 747 751
3 754 749 735
3 737 755 757
3 771 738 770
3 739 740 758
3 761 756 741
3 745 762 763
3 768 765 750
3 752 777 764
3 753 772 759
3 760 776 779
3 782 766 775
3 783 781 767
3 769 786 787
3 788 773 790
3 799 774 798
3 785 778 794
3 810 780 812
3 784 792 793
3 795 789 806
3 808 807 791
3 803 796 813
3 817 797 815
3 800 802 814
3 801 819 809
3 811 804 822
3 816 824 805
3 841 818 830
3 832 821 823
3 825 829 838
3 833 826 827
3 843 828 836
3 851 835 831
3 834 852 837
3 856 855 839
3 840 857 853
3 865 842 863
3 858 844 861
3 869 845 870
3 862 867 846
3 882 879 847
3 848 866 860
3 872 849 874
3 873 850 890
3 897 914 854
3 859 892 895
3 864 878 871
3 880 881 868
3 883 891 875
3 905 876 918
3 896 907 877
3 899 884 886
3 904 885 910
3 921 894 887
3 888 908 903
3 889 898 913
3 912 893 917
3 906 900 927
3 920 901 911
3 928 925 902
3 929 932 909
3 915 933 941
3 938 939 916
3 944 943 919
3 930 922 934
3 945 923 940
3 946 924 942
3 937 957 926
3 953 931 950
3 952 951 935
3 936 963 971
3 947 965 958
3 980 948 975
3 961 949 966
3 954 989 959
3 969 955 964
3 979 956 967
3 960 985 981
3 962 994 997
3 968 982 991
3 984 970 972
3 1011 988 973
3 976 974 999
3 977 978 990
3 993 996 983
3 986 1002 1003
3 1000 987 1005
3 992 1014 1007
3 1016 1017 995
3 1008 1001 1019
3 1025 1004 1028
3 1009 1026 1006
3 1024 1010 1022
3 1018 1012 1020
3 1033 1013 1030
3 1029 1038 1015
3 1048 1021 1023
3 1035 1034 1027
3 1041 1039 1031
3 1032 1042 1046
3 1051 1036 1052
3 1057 1045 1037
3 1040 1053 1054
3 1043 1060 1063
3 1067 1044 1062
3 1055 1069 1047
3 1064 1049 1059
3 1065 1050 1068
3 1056 1072 1075
3 1058 1074 1070
3 1076 1061 1079
3 1066 1077 1078
3 1097 1092 1071
3 1088 1073 1098
3 1080 1083 1085
3 1089 1081 1108
3 1082 1084 1087
3 1102 1086 1095
3 1090 1093 1103
3 1096 1104 1091
3 1112 1121 1094
3 1099 1100 1109
3 1113 1123 1101
3 1105 1125 1110
3 1106 1107 1124
3 1128 1119 1111
3 1114 1141 1126
3 1144 1115 1143
3 1145 1116 1142
3 1139 1133 1117
3 1129 1118 1127
3 1120 1122 1150
3 1130 1131 1149
3 1138 1132 1135
3 1136 1148 1134
3 1152 1137 1147
3 1156 1155 1140
3 1169 1146 1172
3 1157 1158 1151
3 1153 1154 1159
3 1160 1163 1166
3 1168 1161 1174
3 1162 1173 1167
3 1184 1180 1164
3 1176 1171 1165
3 1170 1181 1182
3 1177 1185 1175
3 1186 1178 1192
3 1179 1187 1189
3 1193 1188 1183
3 1195 1190 1191
3 1201 1194 1215
3 1204 1196 1199
3 1197 1198 1207
3 1200 1211 1208
3 1218 1202 1213
3 1216 1203 1229
3 1217 1219 1205
3 1209 1225 1206
3 1232 1210 1222
3 1226 1212 1223
3 1240 1214 1239
3 1227 1220 1235
3 1224 1236 1221
3 1241 1242 1228
3 1244 1237 1230
3 1247 1245 1231
3 1233 1251 1257
3 1234 1243 1246
3 1249 1238 1255
3 1264 1250 1262
3 1258 1252 1253
3 1260 1254 1263
3 1256 1268 1269
3 1272 1259 1267
3 1274 1275 1261
3 1265 1276 1273
3 1280 1266 1278
3 1281 1277 1270
3 1291 1283 1271
3 1289 1285 1279
3 1282 1284 1293
3 1292 1286 1295
3 1300 1294 1287
3 1288 1298 1299
3 1290 1301 1302
3 1296 1297 1312
3 1305 1309 1303
3 1304 1306 1308
3 1307 1310 1311
3 1313 1314 1315
3 1316 1317 1318
3 1320 1323 1319
3 1321 1324 1325
3 1329 1322 1333
3 1328 1326 1327
3 1337 1330 1334
3 1338 1331 1342
3 1332 1349 1343
3 1346 1348 1335
3 1336 1345 1354
3 1352 1339 1356
3 1360 1347 1340
3 1362 1363 1341
3 1344 1355 1358
3 1353 1365 1350
3 1368 1367 1351
3 1370 1373 1357
3 1374 1366 1359
3 1376 1361 1375
3 1377 1379 1364
3 1384 1369 1380
3 1387 1371 1389
3 1392 1372 1390
3 1394 1378 1382
3 1386 1397 1381
3 1399 1398 1383
3 1385 1402 1405
3 1408 1388 1421
3 1400 1404 1391
3 1393 1417 1395
3 1425 1396 1428
3 1401 1409 1412
3 1410 1403 1407
3 1414 1406 1415
3 1411 1420 1413
3 1416 1419 1431
3 1432 1418 1435
3 1434 1436 1422
3 1448 1451 1423
3 1424 1426 1437
3 1427 1446 1447
3 1442 1444 1429
3 1449 1443 1430
3 1433 1438 1455
3 1440 1453 1439
3 1456 1441 1445
3 1458 1450 1459
3 1457 1452 1454
3 1460 1461 1462
3 1464 1465 1463
3 1466 1467 1468
3 1472 1469 1470
3 1477 1486 1471
3 1473 1474 1476
3 1480 1482 1475
3 1481 1485 1478
3 1490 1487 1479
3 1483 1500 1493
3 1496 1497 1484
3 1488 1506 1511
3 1489 1499 1494
3 1491 1515 1503
3 1537 1498 1492
3 1517 1502 1495
3 1504 1520 1501
3 1528 1505 1518
3 1507 1525 1526
3 1513 1530 1508
3 1539 1531 1509
3 1545 1547 1510
3 1512 1521 1540
3 1544 1514 1546
3 1516 1534 1542
3 1543 1541 1519
3 1522 1548 1557
3 1555 1560 1523
3 1524 1565 1566
3 1551 1550 1527
3 1529 1573 1553
3 1538 1532 1559
3 1572 1533 1567
3 1576 1554 1535
3 1536 1577 1558
3 1578 1588 1549
4 1552 1586 1603 1590
4 1592 1579 1556 1605
4 1600 1561 1596 1629
4 1562 1594 1582 1607
4 1569 1563 1574 1585
4 1564 1604 1580 1599
4 1568 1617 1602 1613
4 1608 1609 1570 1623
4 1618 1571 1637 1630
4 1626 1611 1583 1575
4 1589 1628 1581 1615
4 1584 1633 1595 1641
4 1643 1619 1587 1644
4 1657 1610 1651 1591
4 1593 1635 1645 1606
4 1601 1659 1597 1622
4 1614 1647 1598 1631
4 1625 1658 1612 1655
4 1616 1665 1620 1670
4 1674 1675 1660 1621
4 1624 1662 1652 1638
4 1632 1627 1676 1672
4 1640 1634 1687 1666
4 1680 1697 1667 1636
4 1650 1682 1663 1639
4 1698 1642 1691 1692
4 1669 1685 1653 1646
4 1648 1689 1664 1702
4 1649 1690 1705 1654
4 1656 1681 1715 1710
4 1719 1700 1661 1679
4 1699 1668 1693 1686
4 1721 1730 1733 1671
4 1736 1673 1731 1709
4 1738 1722 1739 1677
4 1745 1683 1716 1678
4 1696 1748 1684 1752
4 1688 1746 1706 1703
4 1728 1757 1694 1759
4 1712 1760 1741 1695
4 1704 1727 1701 1725
4 1776 1769 1707 1772
4 1744 1770 1771 1708
4 1762 1779 1732 1711
4 1713 1753 1758 1780
4 1714 1764 1773 1766
4 1749 1784 1786 1717
4 1782 1790 1718 1775
4 1720 1785 1795 1792
4 1777 1723 1740 1798
4 1778 1724 1797 1791
4 1824 1794 1726 1751
4 1816 1828 1788 1734
4 1799 1813 1823 1735
4 1834 1803 1842 1742
4 1829 1805 1838 1743
4 1768 1850 1747 1844
4 1811 1755 1750 1815
4 1754 1826 1862 1767
4 1761 1852 1781 1855
4 1808 1857 1763 1863
4 1789 1875 1765 1831
4 1793 1818 1774 1783
4 1832 1802 1787 1846
4 1858 1796 1821 1854
4 1800 1801 1872 1871
4 1878 1804 1836 1807
4 1881 1835 1806 1879
4 1809 1890 1814 1847
4 1873 1810 1859 1860
4 1893 1812 1885 1894
4 1896 1817 1882 1900
4 1840 1899 1867 1819
4 1906 1909 1820 1877
4 1901 1853 1822 1887
4 1825 1843 1902 1903
4 1848 1905 1827 1910
4 1904 1916 1830 1919
4 1864 1833 1869 1870
4 1880 1841 1837 1913
4 1914 1907 1868 1839
4 1921 1884 1845 1933
4 1856 1849 1925 1926
4 1929 1938 1851 1927
4 1915 1940 1861 1911
4 1865 1866 1924 1945
4 1874 1891 1947 1950
4 1928 1876 1957 1960
4 1962 1956 1883 1932
4 1918 1931 1886 1967
4 1888 1897 1908 1941
4 1889 1937 1982 1966
4 1920 1892 1942 1958
4 1997 1981 1949 1895
4 1898 1939 1964 1974
4 1912 1954 1970 1968
4 1985 1922 2003 1917
4 1944 1961 1923 1973
4 1930 1995 1991 1943
4 2005 1972 1990 1934
4 1984 1953 1977 1935
4 1936 2017 2014 2015
4 2032 1946 2004 1999
4 2029 2018 1948 1989
4 2021 1971 2013 1951
4 1952 2031 2022 1992
4 2001 2026 1955 2027
4 1979 1980 2037 1959
4 2040 2048 1963 2039
4 1969 1978 2034 1965
4 2041 2010 2044 1975
4 1976 2011 2012 2053
4 2058 1987 2052 1983
4 2000 1986 2051 2046
4 2066 2067 1988 2063
4 1993 2002 2042 2038
4 2056 2049 1994 2071
4 2073 1996 2069 2030
4 2033 2076 1998 2084
4 2078 2079 2006 2047
4 2019 2028 2093 2007
4 2008 2097 2077 2111
4 2009 2090 2075 2092
4 2016 2025 2082 2099
4 2072 2020 2109 2103
4 2113 2098 2108 2023
4 2024 2114 2119 2055
4 2059 2107 2035 2068
4 2086 2130 2036 2054
4 2083 2122 2043 2118
4 2132 2045 2135 2133
4 2081 2050 2139 2126
4 2120 2057 2100 2065
4 2142 2060 2110 2140
4 2145 2146 2061 2151
4 2121 2174 2156 2062
4 2064 2105 2177 2182
4 2104 2158 2070 2183
4 2147 2074 2131 2154
4 2080 2088 2116 2181
4 2161 2187 2188 2085
4 2128 2137 2150 2087
4 2089 2195 2180 2157
4 2171 2091 2101 2178
4 2192 2163 2173 2095
4 2096 2138 2197 2214
4 2134 2194 2102 2202
4 2176 2106 2189 2208
4 2112 2209 2152 2168
4 2217 2170 2115 2204
4 2236 2117 2238 2223
4 2184 2123 2219 2206
4 2225 2211 2124 2247
4 2201 2186 2172 2125
4 2224 2233 2218 2127
4 2200 2129 2229 2239
4 2136 2164 2149 2175
4 2248 2234 2141 2230
4 2198 2244 2166 2143
4 2144 2153 2250 2221
4 2256 2193 2148 2255
4 2258 2155 2179 2263
4 2169 2249 2253 2159
4 2160 2273 2276 2270
4 2231 2162 2261 2215
4 2280 2257 2165 2262
4 2266 2235 2269 2167
4 2185 2251 2275 2199
4 2286 2227 2285 2190
4 2272 2284 2245 2191
4 2290 2196 2302 2287
4 2312 2306 2203 2283
4 2301 2210 2205 2279
4 2299 2292 2278 2207
4 2315 2291 2212 2317
4 2321 2298 2316 2213
4 2216 2281 2322 2220
4 2338 2325 2222 2311
4 2232 2226 2336 2264
4 2304 2228 2341 2350
4 2314 2237 2310 2271
4 2240 2242 2288 2327
4 2241 2297 2326 2319
4 2328 2347 2243 2252
4 2339 2332 2246 2318
4 2346 2355 2254 2335
4 2360 2259 2349 2294
4 2344 2330 2260 2362
4 2265 2268 2366 2361
4 2363 2371 2267 2303
4 2274 2403 2348 2354
4 2296 2369 2333 2277
4 2377 2282 2372 2374
4 2289 2387 2353 2295
4 2379 2357 2394 2293
4 2352 2300 2391 2383
4 2376 2305 2404 2359
4 2392 2307 2380 2334
4 2413 2308 2397 2396
4 2408 2365 2416 2309
4 2393 2313 2419 2411
4 2320 2414 2356 2390
4 2440 2323 2381 2438
4 2329 2378 2324 2337
4 2424 2331 2421 2431
4 2409 2418 2340 2430
4 2406 2429 2373 2342
4 2441 2389 2445 2343
4 2345 2434 2460 2458
4 2370 2450 2410 2351
4 2432 2385 2426 2358
4 2384 2433 2364 2423
4 2439 2443 2420 2367
4 2368 2442 2446 2415
4 2448 2454 2382 2375
4 2425 2386 2388 2402
4 2449 2405 2398 2455
4 2465 2428 2470 2399
4 2400 2468 2412 2447
4 2401 2435 2436 2471
4 2444 2453 2478 2407
4 2417 2473 2427 2463
4 2464 2474 2477 2422
4 2487 2482 2437 2479
4 2476 2451 2452 2469
4 2456 2497 2498 2491
4 2480 2457 2483 2492
4 2501 2459 2493 2502
4 2504 2467 2461 2494
4 2472 2507 2462 2496
4 2513 2466 2503 2495
4 2534 2475 2523 2511
4 2481 2518 2510 2519
4 2505 2524 2484 2485
4 2528 2500 2517 2486
4 2488 2530 2515 2542
4 2521 2490 2547 2532
4 2499 2581 2574 2559
4 2568 2506 2538 2526
4 2516 2508 2539 2527
4 2520 2537 2522 2509
4 2512 2514 2552 2525
4 2529 2531 2557 2543
4 2560 2541 2540 2533
4 2593 2562 2588 2535
4 2536 2553 2567 2551
4 2544 2605 2597 2599
4 2545 2618 2606 2609
4 2576 2569 2546 2564
4 2615 2548 2613 2607
4 2616 2561 2578 2549
4 2554 2563 2556 2550
4 2611 2602 2555 2580
4 2624 2617 2636 2558
4 2570 2626 2620 2565
4 2633 2623 2566 2591
4 2601 2571 2637 2614
4 2625 2594 2603 2572
4 2640 2586 2573 2639
4 2641 2643 2638 2575
4 2600 2577 2579 2631
4 2630 2629 2582 2583
4 2585 2604 2655 2644
4 2622 2635 2587 2590
4 2592 2650 2648 2646
4 2657 2634 2595 2654
4 2608 2667 2596 2670
4 2659 2677 2598 2679
4 2632 2610 2656 2666
4 2658 2675 2612 2678
4 2684 2682 2619 2660
4 2690 2645 2621 2662
4 2651 2627 2653 2698
4 2708 2665 2628 2695
4 2642 2701 2710 2711
4 2680 2691 2696 2647
4 2664 2649 2692 2704
4 2688 2681 2689 2652
4 2714 2669 2661 2709
4 2672 2699 2693 2663
4 2719 2715 2668 2671
4 2673 2721 2700 2703
4 2720 2674 2717 2735
4 2706 2683 2676 2724
4 2738 2697 2730 2685
4 2753 2742 2733 2686
4 2737 2725 2734 2687
4 2729 2747 2694 2755
4 2744 2739 2750 2702
4 2760 2705 2748 2757
4 2745 2722 2707 2741
4 2712 2756 2740 2743
4 2713 2746 2763 2758
4 2777 2767 2716 2751
4 2768 2761 2764 2718
4 2784 2723 2771 2787
4 2778 2779 2774 2726
4 2791 2780 2788 2727
4 2728 2800 2796 2815
4 2754 2731 2781 2790
4 2792 2813 2732 2765
4 2736 2794 2820 2810
4 2801 2749 2822 2807
4 2752 2832 2818 2826
4 2830 2829 2782 2759
4 2770 2769 2762 2816
4 2840 2793 2766 2833
4 2834 2772 2773 2838
4 2776 2844 2845 2775
4 2802 2850 2853 2783
4 2785 2804 2839 2831
4 2842 2786 2835 2812
4 2797 2803 2789 2846
4 2827 2849 2795 2851
4 2858 2855 2798 2823
4 2857 2863 2806 2799
4 2808 2864 2860 2805
4 2809 2868 2821 2865
4 2867 2811 2852 2847
4 2876 2869 2814 2871
4 2856 2817 2866 2880
4 2819 2901 2893 2894
4 2824 2825 2914 2891
4 2888 2828 2885 2878
4 2896 2904 2883 2836
4 2906 2877 2909 2837
4 2841 2882 2915 2873
4 2923 2843 2917 2886
4 2848 2889 2899 2895
4 2902 2897 2900 2854
4 2921 2890 2859 2916
4 2926 2875 2862 2943
4 2913 2925 2870 2919
4 2872 2938 2908 2942
4 2936 2874 2884 2910
4 2931 2933 2918 2879
4 2881 2945 2940 2911
4 2930 2963 2903 2887
4 2920 2892 2960 2958
4 2898 2948 2949 2965
4 2905 2969 2970 2967
4 2907 2947 2973 2971
4 2912 2955 2950 2975
4 2984 2961 2922 2989
4 2972 2946 2924 2954
4 2986 2980 2981 2927
4 2928 2929 2937 2992
4 2979 2932 2995 2991
4 2976 2977 2966 2934
4 3003 3013 3014 2935
4 2978 2939 2998 2959
4 3000 2956 2941 3007
4 2944 3026 3010 3005
4 2983 2987 2997 2951
4 2952 3018 2974 3032
4 2953 2988 2990 3009
4 3034 3019 2957 3030
4 3040 3033 2962 3036
4 3056 3066 2964 3038
4 2968 3048 3045 3039
4 3016 3025 3058 2982
4 2985 3049 3054 3063
4 2993 3027 2996 3006
4 3069 3041 2994 3065
4 3035 3067 3046 2999
4 3001 3051 3017 3061
4 3073 3002 3074 3071
4 3008 3043 3004 3077
4 3064 3057 3011 3059
4 3079 3012 3052 3044
4 3081 3084 3093 3015
4 3080 3090 3020 3094
4 3098 3068 3021 3095
4 3082 3099 3100 3022
4 3103 3060 3101 3023
4 3024 3130 3091 3118
4 3113 3028 3076 3070
4 3075 3029 3110 3111
4 3122 3116 3085 3031
4 3088 3128 3109 3037
4 3097 3042 3139 3143
4 3152 3140 3102 3047
4 3050 3133 3086 3119
4 3148 3053 3062 3151
4 3120 3163 3168 3055
4 3072 3138 3144 3117
4 3160 3121 3078 3158
4 3083 3108 3166 3164
4 3171 3175 3150 3087
4 3089 3172 3165 3159
4 3177 3162 3092 3125
4 3096 3180 3182 3183
4 3104 3185 3187 3156
4 3192 3105 3132 3190
4 3106 3179 3181 3194
4 3197 3107 3141 3198
4 3112 3200 3173 3206
4 3184 3114 3115 3207
4 3215 3210 3123 3127
4 3129 3202 3124 3193
4 3227 3219 3204 3126
4 3136 3131 3224 3191
4 3137 3218 3230 3134
4 3217 3245 3221 3135
4 3232 3236 3142 3231
4 3161 3145 3225 3220
4 3201 3146 3154 3199
4 3195 3241 3147 3203
4 3249 3252 3149 3254
4 3153 3205 3157 3169
4 3240 3155 3213 3264
4 3247 3242 3237 3167
4 3170 3243 3238 3222
4 3216 3209 3189 3174
4 3176 3250 3260 3269
4 3234 3233 3178 3211
4 3208 3186 3270 3256
4 3251 3188 3277 3267
4 3266 3196 3285 3255
4 3282 3244 3259 3212
4 3275 3284 3214 3287
4 3265 3283 3286 3223
4 3248 3289 3226 3288
4 3298 3291 3228 3294
4 3304 3290 3268 3229
4 3296 3303 3235 3279
4 3315 3292 3261 3239
4 3305 3301 3246 3263
4 3313 3253 3317 3319
4 3320 3257 3336 3342
4 3328 3258 3331 3310
4 3280 3274 3262 3314
4 3329 3351 3326 3271
4 3272 3354 3360 3359
4 3273 3378 3321 3377
4 3300 3276 3349 3335
4 3345 3365 3341 3278
4 3346 3281 3338 3299
4 3369 3363 3293 3350
4 3374 3372 3366 3295
4 3312 3297 3384 3307
4 3387 3380 3302 3383
4 3306 3388 3333 3390
4 3340 3308 3325 3358
4 3393 3339 3404 3309
4 3324 3391 3398 3311
4 3382 3361 3316 3334
4 3344 3348 3318 3343
4 3392 3322 3370 3373
4 3353 3395 3323 3397
4 3385 3386 3403 3327
4 3400 3401 3330 3406
4 3368 3410 3332 3415
4 3337 3429 3364 3421
4 3418 3347 3381 3399
4 3352 3411 3396 3389
4 3371 3355 3414 3423
4 3408 3409 3356 3430
4 3458 3435 3436 3357
4 3416 3362 3432 3405
4 3433 3413 3441 3367
4 3425 3427 3446 3375
4 3376 3450 3444 3456
4 3440 3394 3379 3447
4 3448 3402 3452 3407
4 3417 3434 3459 3412
4 3424 3426 3419 3422
4 3460 3420 3461 3462
4 3465 3428 3453 3439
4 3477 3445 3470 3431
4 3472 3481 3468 3437
4 3487 3454 3438 3463
4 3464 3442 3467 3476
4 3449 3490 3443 3486
4 3479 3451 3488 3471
4 3489 3466 3483 3455
4 3457 3507 3510 3478
4 3512 3473 3469 3503
4 3514 3474 3475 3494
4 3480 3491 3500 3525
4 3520 3482 3533 3485
4 3497 3524 3484 3535
4 3522 3492 3493 3502
4 3532 3509 3501 3495
4 3496 3537 3498 3545
4 3538 3499 3548 3534
4 3504 3513 3550 3528
4 3552 3505 3556 3551
4 3560 3506 3515 3523
4 3536 3529 3508 3541
4 3565 3562 3549 3511
4 3569 3554 3571 3516
4 3568 3530 3572 3517
4 3574 3575 3518 3527
4 3576 3597 3589 3519
4 3592 3521 3553 3598
4 3600 3585 3526 3599
4 3570 3531 3555 3543
4 3586 3539 3540 3588
4 3546 3594 3542 3591
4 3544 3601 3603 3581
4 3547 3604 3613 3558
4 3577 3605 3587 3557
4 3609 3610 3622 3559
4 3561 3596 3612 3606
4 3627 3563 3573 3614
4 3625 3611 3564 3631
4 3624 3602 3634 3566
4 3642 3579 3646 3567
4 3633 3578 3580 3630
4 3616 3636 3637 3582
4 3640 3652 3653 3583
4 3584 3649 3650 3590
4 3593 3635 3670 3623
4 3619 3595 3638 3639
4 3688 3661 3671 3607
4 3608 3666 3659 3663
4 3668 3644 3645 3615
4 3617 3658 3628 3660
4 3618 3667 3682 3679
4 3680 3643 3620 3669
4 3683 3675 3621 3687
4 3706 3626 3699 3702
4 3632 3676 3701 3662
4 3696 3641 3651 3703
4 3711 3709 3710 3647
4 3648 3690 3707 3693
4 3664 3720 3685 3654
4 3684 3695 3718 3655
4 3656 3713 3714 3723
4 3665 3657 3722 3700
4 3672 3732 3725 3726
4 3673 3729 3733 3734
4 3705 3674 3717 3737
4 3698 3739 3677 3735
4 3742 3740 3678 3751
4 3681 3755 3716 3719
4 3738 3731 3686 3759
4 3689 3764 3741 3766
4 3730 3691 3758 3767
4 3768 3748 3692 3756
4 3762 3761 3754 3694
4 3800 3697 3770 3796
4 3704 3778 3708 3805
4 3712 3771 3728 3774
4 3776 3715 3772 3779
4 3721 3814 3750 3727
4 3780 3786 3763 3724
4 3736 3785 3747 3820
4 3777 3788 3790 3743
4 3744 3823 3752 3815
4 3816 3745 3810 3829
4 3746 3804 3826 3831
4 3784 3832 3749 3798
4 3753 3818 3801 3799
4 3813 3833 3836 3757
4 3760 3793 3812 3817
4 3850 3827 3765 3854
4 3769 3858 3797 3855
4 3848 3819 3852 3773
4 3851 3843 3806 3775
4 3864 3794 3781 3861
4 3856 3841 3787 3782
4 3837 3807 3821 3783
4 3867 3835 3789 3791
4 3792 3872 3860 3868
4 3920 3866 3795 3908
4 3802 3863 3876 3847
4 3809 3803 3881 3871
4 3808 3874 3884 3886
4 3865 3882 3811 3918
4 3838 3900 3822 3879
4 3824 3890 3830 3846
4 3825 3907 3909 3901
4 3915 3828 3862 3919
4 3921 3897 3834 3910
4 3898 3923 3893 3839
4 3840 3938 3936 3946
4 3873 3842 3931 3934
4 3948 3952 3844 3885
4 3928 3937 3954 3845
4 3849 3916 3925 3878
4 3875 3853 3894 3943
4 3955 3857 3883 3953
4 3880 3859 3917 3935
2 3869 3887
2 3902 3870
2 3877 3895
2 3888 3905
2 3889 3922
2 3891 3957
2 3892 3959
2 3896 3958
2 3960 3899
2 3914 3903
2 3904 3962
2 3961 3906
2 3927 3911
2 3912 3963
2 3913 3951
2 3929 3924
2 3949 3926
2 3930 3941
2 3932 3967
2 3970 3933
2 3939 3964
2 3940 3974
2 3979 3942
2 3944 3971
2 3945 3975
2 3947 3965
2 3976 3950
2 3968 3956
2 3981 3966
2 3969 3977
2 3972 3982
2 3986 3973
2 3978 3990
2 3980 3989
2 3988 3983
2 3984 3996
2 3992 3985
2 3994 3991
2 3993 3995
2 3997 3998
2 4000 4003
2 4001 3999
2 4002 4005
2 4004 4015
2 4006 4007
2 4008 4009
2 4010 4011
2 4012 4013
2 4017 4014
2 4016 4020
2 4018 4019
2 4021 4022
2 4024 4023
2 4025 4026
2 4027 4028
2 4029 4030
2 4035 4031
2 4032 4033
2 4034 4037
2 4036 4039
2 4042 4038
2 4040 4046
2 4041 4050
2 4043 4045
2 4049 4044
2 4052 4047
2 4048 4051
2 4053 4055
2 4056 4054
2 4057 4060
2 4058 4061
2 4059 4062
2 4065 4063
2 4064 4068
2 4066 4069
2 4067 4070
2 4072 4071
2 4073 4075
2 4081 4074
2 4083 4076
2 4077 4078
2 4080 4079
2 4082 4084
2 4085 4086
2 4088 4087
2 4089 4095
2 4096 4090
2 4091 4101
2 4092 4093
2 4097 4094
2 4104 4098
2 4105 4099
2 4100 4111
2 4109 4102
2 4107 4103
2 4106 4114
2 4113 4108
2 4115 4110
2 4112 4117
2 4116 4118
2 4120 4119
2 4121 4122
2 4123 4124
2 4125 4126
2 4128 4127
2 4129 4130
2 4138 4131
2 4132 4134
2 4136 4133
2 4140 4135
2 4137 4142
2 4145 4139
2 4146 4141
2 4144 4143
2 4152 4147
2 4148 4149
2 4158 4150
2 4153 4151
2 4154 4157
2 4155 4159
2 4162 4156
2 4160 4161
2 4163 4166
2 4168 4164
2 4169 4165
2 4174 4167
2 4170 4171
2 4177 4172
2 4173 4175
2 4176 4178
2 4179 4180
2 4181 4182
2 4186 4183
2 4184 4188
2 4185 4190
2 4187 4189
2 4192 4191
2 4193 4195
2 4194 4199
2 4201 4196
2 4203 4197
2 4200 4198
2 4202 4204
2 4205 4206
2 4208 4207
2 4209 4210
2 4211 4212
2 4213 4214
2 4216 4215
2 4217 4219
2 4218 4220
2 4221 4223
2 4234 4222
2 4224 4225
2 4226 4227
2 4228 4229
2 4236 4230
2 4232 4231
2 4233 4241
2 4235 4243
2 4237 4238
2 4242 4239
2 4240 4253
2 4250 4244
2 4245 4247
2 4248 4246
2 4249 4252
2 4251 4255
2 4260 4254
2 4256 4257
2 4258 4259
2 4261 4262
2 4264 4263
2 4265 4266
2 4267 4268
2 4269 4270
2 4272 4271
2 4273 4274
2 4275 4277
2 4276 4278
2 4280 4279
2 4281 4282
2 4283 4285
2 4288 4284
2 4294 4286
2 4289 4287
2 4290 4295
2 4296 4291
2 4299 4292
2 4297 4293
2 4298 4302
2 4300 4301
2 4305 4303
2 4304 4306
2 4307 4310
2 4308 4309
2 4312 4311
2 4313 4315
2 4314 4316
2 4317 4319
2 4329 4318
2 4320 4321
2 4322 4324
2 4323 4326
2 4325 4327
2 4328 4332
2 4330 4334
2 4336 4331
2 4338 4333
2 4342 4335
2 4337 4340
2 4339 4343
2 4344 4341
2 4345 4346
2 4347 4351
2 4352 4349
2 4353 4348
2 4354 4350
2 4355 4356
2 4362 4357
2 4360 4358
2 4364 4359
2 4361 4365
2 4363 4366
2 4368 4367
2 4369 4371
2 4370 4372
2 4373 4375
2 4378 4374
2 4376 4377
2 4379 4380
2 4381 4382
2 4384 4383
2 4385 4387
2 4388 4389
2 4390 4391
2 4392 4395
2 4393 4394
2 4396 4397
2 4401 4398
2 4408 4399
2 4400 4404
2 4402 4418
2 4403 4407
2 4420 4405
2 4411 4406
2 4409 4410
2 4412 4413
2 4416 4414
2 4422 4415
2 4417 4419
2 4421 4423
2 4424 4425
2 4426 4427
2 4428 4429
2 4432 4430
2 4433 4431
2 4434 4436
2 4435 4437
2 4438 4439
2 4440 4441
2 4442 4443
2 4444 4447
2 4445 4446
2 4448 4450
2 4449 4454
2 4451 4455
2 4452 4453
2 4456 4459
2 4457 4458
2 4460 4461
2 4465 4463
2 4464 4462
2 4466 4471
2 4467 4470
2 4472 4468
2 4476 4469
2 4473 4481
2 4474 4484
2 4475 4486
2 4483 4477
2 4478 4479
2 4480 4485
2 4482 4487
2 4488 4493
2 4489 4492
2 4497 4490
2 4491 4500
2 4494 4495
2 4496 4499
2 4498 4508
2 4501 4502
2 4504 4503
2 4505 4506
2 4507 4510
2 4509 4525
2 4515 4511
2 4512 4513
2 4514 4518
2 4516 4519
2 4520 4517
2 4521 4526
2 4528 4522
2 4530 4523
2 4536 4524
2 4534 4527
2 4529 4531
2 4538 4532
2 4537 4533
2 4539 4535
2 4540 4541
2 4542 4543
2 4544 4547
2 4545 4548
2 4546 4556
2 4552 4549
2 4569 4550
2 4576 4551
2 4553 4558
2 4560 4554
2 4570 4555
2 4563 4557
2 4562 4559
2 4561 4580
2 4564 4566
2 4568 4565
2 4584 4567
2 4571 4572
2 4573 4575
2 4585 4574
2 4577 4583
2 4578 4586
2 4579 4589
2 4587 4581
2 4590 4582
2 4588 4591
2 4592 4597
2 4593 4594
2 4595 4596
2 4601 4598
2 4603 4599
2 4600 4605
2 4602 4606
2 4608 4604
2 4615 4607
2 4609 4610
2 4611 4612
2 4613 4614
2 4616 4618
2 4617 4621
2 4619 4620
2 4624 4622
2 4629 4623
2 4625 4626
2 4634 4627
2 4628 4636
2 4632 4630
2 4642 4631
2 4640 4633
2 4643 4635
2 4645 4637
2 4641 4638
2 4647 4639
2 4644 4652
2 4648 4646
2 4649 4654
2 4650 4658
2 4665 4651
2 4660 4653
2 4656 4655
2 4673 4657
2 4666 4659
2 4667 4661
2 4664 4662
2 4674 4663
2 4672 4668
2 4669 4671
2 4677 4670
2 4680 4675
2 4676 4678
2 4682 4679
2 4681 4683
2 4684 4686
2 4685 4687
2 4688 4693
2 4689 4691
2 4690 4701
2 4697 4692
2 4698 4694
2 4707 4695
2 4696 4699
2 4700 4702
2 4709 4703
2 4704 4705
2 4706 4719
2 4722 4708
2 4713 4710
2 4730 4711
2 4712 4715
2 4721 4714
2 4729 4716
2 4717 4718
2 4720 4726
2 4723 4735
2 4724 4727
2 4732 4725
2 4728 4733
2 4736 4731
2 4737 4734
2 4738 4739
2 4740 4741
2 4742 4743
2 4744 4745
2 4746 4748
2 4747 4749
2 4750 4751
2 4752 4753
2 4754 4755
2 4756 4757
2 4758 4759
2 4760 4761
2 4762 4763
2 4764 4765
2 4768 4766
2 4772 4767
2 4769 4771
2 4770 4773
2 4776 4774
2 4778 4775
2 4777 4779
2 4780 4781
2 4782 4783
2 4784 4785
2 4793 4786
2 4787 4789
2 4794 4788
2 4790 4791
2 4792 4797
2 4795 4798
2 4796 4799
2 4800 4801
2 4802 4803
2 4804 4805
2 4809 4806
2 4810 4807
2 4808 4812
2 4811 4815
2 4816 4813
2 4817 4814
2 4818 4819
2 4820 4821
2 4822 4823
2 4824 4825
2 4826 4827
2 4828 4830
2 4829 4831
2 4832 4833
2 4834 4835
2 4836 4837
2 4838 4839
2 4840 4846
2 4841 4842
2 4843 4844
2 4849 4845
2 4850 4847
2 4848 4853
2 4851 4852
2 4854 4855
2 4856 4857
2 4864 4858
2 4859 4862
2 4866 4860
2 4869 4861
2 4872 4863
2 4865 4868
2 4881 4867
2 4882 4870
2 4873 4871
2 4874 4878
2 4875 4885
2 4890 4876
2 4889 4877
2 4880 4879
2 4891 4883
2 4897 4884
2 4886 4903
2 4895 4887
2 4888 4892
2 4896 4893
2 4898 4894
2 4899 4900
2 4904 4901
2 4908 4902
2 4905 4906
2 4907 4909
2 4915 4910
2 4912 4911
2 4913 4919
2 4921 4914
2 4922 4916
2 4924 4917
2 4920 4918
2 4923 4926
2 4930 4925
