1628
4 6404 5121 8148 5357
4 5913 2589 421 5583
4 8785 9906 3629 6255
4 6584 1737 3987 7710
4 7529 4386 2094 5231
4 1756 5796 6735 9487
4 2584 8754 8197 998
4 6312 2395 2861 6655
4 6632 7569 59 7923
4 7704 8873 5515 7444
4 2489 9612 8452 7262
4 5905 7796 398 8407
4 1729 820 9004 604
4 1248 6459 8603 7064
4 4848 8733 7549 5886
4 8437 9354 8189 9529
4 4449 1524 9213 6839
4 5744 4100 4574 4318
4 4233 3626 9483 6823
4 3904 7108 9620 8479
4 5416 2545 6476 1287
4 1396 3697 4004 9383
4 5427 9131 2061 847
4 4041 370 2155 3015
4 5363 4644 973 4863
4 7792 7168 6668 9247
4 9618 1492 4631 3135
4 2752 2843 2222 2687
4 1561 5570 44 453
4 461 7100 2117 8284
4 3505 4036 9765 8775
4 3295 2932 8287 1423
4 6640 1385 8854 8591
4 5616 3273 2096 8004
4 2345 674 3715 5918
4 5090 666 9813 6639
4 7936 2331 3420 1556
4 5592 5251 2598 2935
4 3825 6762 8119 4695
4 1081 1114 1677 9959
4 8384 5001 4147 6756
4 8689 1388 7525 6196
4 864 9818 5989 3942
4 4106 683 948 6613
4 9888 5083 5526 8911
4 8320 4194 5052 936
4 4473 8585 5211 132
4 9128 7369 3149 8814
4 2819 8777 2459 4670
4 7577 7515 876 3484
4 2968 7819 2246 7863
4 8240 962 7939 7368
4 752 7259 9256 2723
4 7208 7290 8837 8991
4 8392 3457 2728 4808
4 3176 2196 684 110
4 281 371 8641 7950
4 2212 8636 7101 5791
4 2064 9267 2499 63
4 6240 5602 2475 4090
4 3656 3678 714 9614
4 5651 9019 4916 1101
4 2548 1013 9894 839
4 7834 1491 4405 3765
4 3024 7945 6170 5048
4 5945 6677 7198 1071
4 4961 1115 1004 7937
4 3272 4685 9965 2124
4 1233 3795 4579 3302
4 8152 336 9986 1707
4 2008 5042 5046 3647
4 384 7135 4702 7927
4 7104 2141 6782 9295
4 5773 5101 1734 2070
4 443 1164 854 1214
4 2558 2115 4430 6495
4 7409 8058 4917 4957
4 2080 7201 7825 7540
4 6176 2922 4788 8063
4 4509 4964 1341 5214
4 7896 5653 4886 8639
4 976 7961 7202 3499
4 49 7313 6107 6702
4 1146 9307 1830 3463
4 9568 818 82 6381
4 3792 5295 8612 4983
4 2228 3940 7757 3047
4 9305 7595 5772 3607
4 3096 3896 5982 4135
4 4874 6252 3309 7516
4 7136 5713 2964 2727
4 2274 3228 8485 8338
4 1210 4925 636 3293
4 1353 4322 1851 887
4 6168 7551 3566 8608
4 4240 8322 5310 7543
4 7305 6550 1203 4406
4 9866 6935 1988 71
4 9433 4940 5625 8745
4 2456 9129 9795 5219
4 1955 5383 1812 1671
4 7145 4235 47 7
4 4185 4131 8116 7326
4 4637 3437 4141 9527
4 8465 594 7579 1322
4 9552 1450 2259 1742
4 1094 3114 9539 766
4 3042 8851 3142 4167
4 9 532 3686 7359
4 1713 4561 4655 7231
4 9690 8803 2686 5006
4 8387 5652 1934 7583
4 5873 4074 5494 1895
4 3072 6129 2962 4657
4 8553 7715 3844 723
4 7083 7447 9525 2759
4 2481 9235 2982 9263
4 8736 1050 6957 727
4 4112 954 3196 4847
4 8250 4475 2293 62
4 2736 7196 3357 9532
4 213 859 9917 4102
4 7088 8332 7308 4374
4 7648 1946 1418 3519
4 7032 8010 4320 8375
4 3337 3170 9196 7725
4 9946 4076 1591 9063
4 4619 2652 2045 6611
4 9106 5163 1724 2726
4 5777 6547 8193 8767
4 3689 6882 2749 3775
4 850 2060 2340 4638
4 1568 992 9747 2342
4 5904 4402 3155 9119
4 1433 6178 3542 4490
4 3672 4912 5172 5686
4 2544 5729 6534 9966
4 586 4995 8644 1621
4 120 2642 7851 2085
4 3648 3757 6558 8478
4 9576 201 8626 6038
4 9344 4139 2323 3781
4 6913 3257 7643 774
4 328 7451 4550 6567
4 7464 3889 2828 7494
4 8601 8138 6571 2628
4 5931 7148 8397 7814
4 3112 403 5156 1763
4 7545 8186 9275 3593
4 4150 2308 8997 9542
4 2870 4058 676 2862
4 3376 58 4244 9559
4 9302 2300 6134 8233
4 8865 8242 2795 1383
4 6537 3475 7862 7079
4 18 8187 7316 4959
4 5081 8267 3708 9151
4 6147 9713 6467 6927
4 3840 2036 2213 1711
4 4390 8115 5366 2814
4 9900 4044 7445 446
4 6171 8506 3451 5845
4 7673 2123 8259 3869
4 4480 8094 7166 1839
4 3583 5609 9243 7703
4 9528 2305 9320 8616
4 1160 1049 778 8079
4 7944 9873 3842 11
4 1936 8849 5540 3526
4 2160 4837 2243 245
4 5096 2267 1136 3126
4 2313 6050 9605 654
4 1552 6359 8101 8167
4 1509 4284 333 8430
4 6123 7267 5854 2023
4 3913 2535 687 5359
4 7953 9514 6580 3950
4 7726 2985 8509 9374
4 5136 9921 2282 5324
4 2944 6777 7008 8286
4 7466 8036 1231 4551
4 5209 7385 1845 3253
4 3106 6300 373 7522
4 2920 4498 3632 6842
4 9856 3745 4902 1767
4 9289 706 5665 8367
4 9784 6481 3899 6060
4 2817 3618 8348 2674
4 65 9722 2203 9340
4 4690 1427 6989 7026
4 2994 7922 6582 2718
4 3083 177 9283 9732
4 5600 593 8834 9942
4 6985 3002 8563 463
4 7756 8701 4965 4151
4 8026 7050 7700 3229
4 8047 780 5622 1359
4 9111 2619 6638 5919
4 7920 4516 2572 1085
4 1096 8721 8346 2941
4 8697 9649 1996 9691
4 1817 9778 7212 1357
4 6313 2364 8253 9366
4 6329 2802 1372 745
4 1336 522 4259 9252
4 7209 2571 2009 717
4 6316 3485 1861 8839
4 4137 5962 9443 565
4 9751 3356 4582 4951
4 6602 251 709 103
4 3368 2112 6363 4351
4 67 6426 9779 5891
4 4352 1202 8477 9365
4 7629 9154 6477 2647
4 2905 8751 5909 2351
4 257 6994 8811 171
4 3089 3443 1340 2095
4 2536 5793 7330 7119
4 9325 645 6 8199
4 4134 9123 8614 214
4 1976 9124 3496 7911
4 8200 5492 7981 332
4 1787 8947 4557 7671
4 877 4884 4293 1510
4 3379 5733 3062 6415
4 9585 3308 1701 9806
4 1344 9546 60 4357
4 7489 2162 4477 9629
4 5544 6666 3214 5239
4 5593 9363 8835 2957
4 5330 8163 188 1820
4 8501 1001 8923 1717
4 9968 321 4867 9974
4 8529 9930 5236 750
4 9545 5244 5149 7613
4 6914 8003 6956 4222
4 4727 4696 5518 9511
4 8779 1740 7934 8651
4 2776 7391 9550 1975
4 1505 5332 6342 1351
4 7057 8658 1249 4711
4 1800 6297 4977 5991
4 924 3730 1564 3750
4 296 1883 7677 9419
4 8040 8168 1364 9166
4 5970 7415 1747 2575
4 3120 9962 4331 1965
4 7153 4572 6188 7439
4 5529 1522 2245 8431
4 3473 7699 5758 791
4 7344 1743 8915 7647
4 5808 9426 7210 7972
4 6738 8418 2509 8990
4 5488 3579 5728 2043
4 4161 9341 9271 4415
4 6616 8449 8579 4717
4 5131 5028 9397 767
4 6419 1714 5683 3830
4 8056 8866 5835 1061
4 96 5155 6627 3655
4 2265 5074 1673 902
4 7250 797 2573 3087
4 7824 6042 8548 55
4 5720 9569 301 6309
4 6273 3306 385 631
4 264 9626 3845 6742
4 1200 197 1636 2952
4 8487 1523 9853 3223
4 6144 2809 6226 8470
4 3673 1889 773 8607
4 2089 1178 7524 3834
4 8625 1508 9797 4870
4 6336 9572 9566 4367
4 9048 5553 6377 3167
4 5864 6410 8132 8702
4 5610 875 2055 407
4 3905 3137 8659 1476
4 3978 9250 3557 9718
4 4960 8183 4861 7567
4 1810 7155 1948 5375
4 4600 4524 2612 7748
4 6192 4043 1998 4079
4 4649 730 7436 278
4 6769 6058 1228 3271
4 9689 9746 2486 8671
4 6384 5308 3870 3791
4 4200 2353 9952 9871
4 3 1483 283 6198
4 1912 3001 7443 6028
4 8707 9843 6747 8940
4 2912 9265 5476 7253
4 2000 3857 3944 1429
4 8204 85 3997 3367
4 5170 9078 8172 7302
4 6010 6146 1853 6662
4 432 4532 7412 7118
4 3028 1140 8453 2927
4 8297 9755 836 915
4 4179 5203 8677 9695
4 1720 8442 9507 5207
4 1040 884 3278 263
4 6578 1587 8670 4706
4 7095 8683 3022 4527
4 7880 6012 4469 4607
4 6483 1708 6981 5803
4 1378 7978 6110 7103
4 7696 513 995 1821
4 3728 8964 4565 6320
4 6757 2585 8932 3885
4 464 5849 7618 9908
4 7617 634 2877 3518
4 1224 8929 3508 1542
4 4474 7603 7861 7319
4 7296 6370 1037 9359
4 3037 1073 1253 4617
4 6498 4883 3362 3877
4 3561 8722 1684 5197
4 1681 559 8750 4871
4 3736 5785 2939 3375
4 3248 2937 2627 4307
4 1154 1923 1484 5174
4 9464 6444 1152 7759
4 2488 8692 1117 1526
4 4786 3892 8637 7870
4 137 1116 5902 8895
4 8328 1571 4038 4439
4 7536 520 8524 9599
4 2592 4361 8956 3511
4 6296 8874 4292 5462
4 9880 4521 5278 4975
4 9769 9961 9197 6367
4 172 916 2798 7678
4 5341 8466 3853 3055
4 56 7041 17 5823
4 1361 1833 9425 7823
4 3544 6656 5547 1261
4 9849 3107 4668 6231
4 6605 7178 7463 5839
4 2600 5705 5446 174
4 6577 970 9907 9014
4 1712 529 5941 1726
4 2368 4946 2566 8527
4 208 5441 3050 6220
4 688 2185 5548 6965
4 9984 7130 5378 760
4 10 6389 5998 7255
4 6938 1570 7238 5250
4 145 7215 846 5503
4 3769 7363 7740 451
4 6715 4604 4663 8516
4 844 2165 9350 5151
4 297 3746 4731 3516
4 738 8714 9092 1430
4 9168 3969 1234 525
4 1601 5563 1765 3134
4 5271 2106 6752 6583
4 6856 1487 923 8931
4 8363 6540 6133 556
4 1122 2716 1197 9895
4 5649 5579 3540 9597
4 912 7778 7218 5118
4 164 1827 139 9741
4 6526 926 6205 2766
4 9450 6396 6364 5325
4 7624 6266 7518 8239
4 1963 6052 7149 2295
4 5007 9161 4093 2407
4 3104 8650 4491 7558
4 9121 2007 117 2221
4 2649 4230 8673 5013
4 480 3258 9182 9214
4 8081 8833 5899 4990
4 8059 2804 1589 211
4 1648 8161 5017 2484
4 628 3674 5948 5056
4 6451 4627 2879 87
4 7318 9390 2309 5574
4 8824 9594 5627 8044
4 1010 7499 9246 8198
4 2848 3691 7692 7839
4 1015 7204 4126 2127
4 7152 8617 5875 6149
4 7346 8247 8293 642
4 2555 3276 2836 7983
4 6680 1825 9490 9135
4 656 3029 2590 9719
4 3932 6645 6102 5879
4 7752 6721 2125 6623
4 8305 2811 3828 6215
4 3608 178 8653 7278
4 8609 5513 6157 289
4 9776 1866 1847 7151
4 2872 9588 4671 1735
4 6193 900 597 1943
4 6036 7954 1876 3239
4 9580 3973 8606 9471
4 6731 4555 2516 206
4 9286 28 9414 1620
4 3480 6256 3692 4859
4 4650 931 3677 6350
4 1464 2538 7375 5487
4 9852 8652 9382 1159
4 1856 1393 4522 5824
4 1056 6152 4054 590
4 5815 2226 8134 1311
4 2697 4170 9499 8578
4 4573 1129 1260 6685
4 7888 3527 9276 6703
4 1632 1819 6531 1205
4 3808 8258 3891 5981
4 4792 834 3132 9637
4 4496 151 3092 2999
4 1888 1994 5058 8434
4 2732 7764 5061 6111
4 290 124 3895 5559
4 307 8684 6741 6206
4 6984 1877 9238 9407
4 8537 6443 7105 4933
4 7475 8468 53 1718
4 3573 1874 7875 6053
4 2190 1642 8342 5094
4 236 589 142 4725
4 7777 1562 6228 8967
4 2705 4997 4857 4055
4 7610 9675 7413 7542
4 9241 9714 7734 9761
4 4611 4661 9326 9799
4 4875 3297 2091 4814
4 5371 2428 9165 1884
4 7361 6306 3980 4636
4 7512 4865 9748 9376
4 1704 7884 6932 5710
4 4442 9730 5644 253
4 5418 4091 4692 1837
4 2490 6651 6676 8035
4 4592 7219 8032 5235
4 7993 9602 8907 4774
4 3912 4066 6628 4989
4 9864 9530 7286 4703
4 2241 6155 540 1445
4 1440 3839 2020 3924
4 648 6849 7090 2765
4 3558 7659 5517 7406
4 4656 362 4363 735
4 1282 7733 2254 2854
4 2565 4716 4381 4926
4 3945 3802 5044 898
4 5794 4187 6557 534
4 6827 6733 7526 2887
4 9016 6976 3654 5671
4 8176 4506 9523 1598
4 9896 7003 5035 2400
4 4904 9976 6326 7662
4 7841 8123 5020 1595
4 4089 3531 4771 1023
4 3553 6794 5916 2461
4 6289 7594 6365 3567
4 2806 7074 7382 8423
4 2457 3498 8333 9922
4 4064 2006 5389 6366
4 9650 4410 1723 6380
4 8241 5530 1467 358
4 5474 1339 7374 1406
4 2081 7356 6673 4559
4 960 7037 5205 3422
4 2320 5355 6436 4773
4 2783 1332 8597 1471
4 210 9220 4412 1533
4 7432 3906 147 2375
4 5336 404 7683 9848
4 9368 5898 9988 1422
4 6800 6857 6076 9453
4 3760 33 8861 4879
4 8432 7914 2907 6988
4 9456 489 146 5489
4 1584 1609 622 4495
4 4720 689 6490 3718
4 6361 5178 7419 7785
4 5457 8019 909 9879
4 3323 4639 4478 4375
4 6514 4766 9468 6778
4 8889 4011 8715 7821
4 8376 5633 1021 5551
4 8938 7534 2389 5086
4 6784 9192 9043 2381
4 8648 9561 6528 2462
4 3704 3145 7426 2874
4 7768 8153 4057 7249
4 737 7818 4452 7943
4 7310 3244 2398 9703
4 9726 2401 8043 3582
4 3617 9684 5869 8150
4 5856 5255 8894 7592
4 9361 7530 396 7230
4 9072 1529 8898 1930
4 3882 2260 6870 3983
4 6016 2129 3914 3595
4 5901 8954 6340 7917
4 4953 8299 7990 7175
4 9631 3352 5461 8823
4 5776 6585 8845 3559
4 1512 5865 3299 150
4 4026 1922 5467 5085
4 6208 3153 5380 39
4 1952 5920 198 8679
4 9122 635 4202 5522
4 8425 6202 835 9971
4 1090 3371 8325 9222
4 7013 3749 3966 2191
4 4907 5724 7116 9143
4 3985 3188 1886 4823
4 8746 4467 9429 7454
4 5832 512 6466 6834
4 32 8712 7770 2134
4 5556 947 804 359
4 3339 7480 3075 5531
4 4704 6649 7010 8682
4 7596 7956 9734 9549
4 8238 9802 9667 7966
4 3129 9221 9062 7689
4 3136 4124 1822 711
4 1507 3564 45 9606
4 9091 6724 2277 5615
4 170 9828 8276 9183
4 3428 2924 149 678
4 1347 7220 6421 7221
4 4640 1761 3011 4016
4 6184 0 3811 4887
4 5896 7809 9868 2167
4 4208 6873 5908 300
4 1256 6700 3694 8519
4 2707 1100 6243 2343
4 6705 7186 2148 6574
4 3322 7970 5756 8196
4 2024 6203 7731 849
4 8632 313 7876 5566
4 6160 4465 9173 1382
4 5584 3641 4514 3991
4 6811 7964 6637 5047
4 9096 5451 6446 8263
4 6264 8264 5164 2198
4 3121 2467 3020 471
4 5954 611 3724 2278
4 6248 5939 9573 5277
4 2672 8562 8517 2495
4 7424 6681 9459 4708
4 6015 4335 1908 1047
4 6553 8027 4949 5166
4 9978 6659 6596 6903
4 7984 8752 8908 9328
4 9752 9987 1044 1157
4 5657 8133 1174 2983
4 9891 9996 7975 1199
4 7386 6522 4659 4340
4 4215 2875 6726 6942
4 6648 3681 9299 1179
4 5040 1569 2367 9583
4 4992 1593 5240 1181
4 8801 3818 1411 5860
4 7425 5947 708 8711
4 3226 9068 1106 3127
4 9210 3203 2062 8143
4 4511 433 6112 2337
4 5721 5362 541 7727
4 5449 5763 3412 5836
4 7384 6017 9633 9038
4 562 9836 3517 4790
4 514 7509 5173 6022
4 7521 3031 1668 6719
4 9721 2506 6478 8222
4 825 8210 5813 3894
4 4456 4052 1381 2702
4 1616 2601 2120 4286
4 1840 2025 4419 7500
4 5536 355 3563 8160
4 2296 8828 5496 6246
4 8696 7555 204 5157
4 8864 8413 4206 6351
4 6713 8202 8667 8863
4 968 608 8336 9486
4 1400 889 5730 4359
4 465 8139 6492 1751
4 1768 3105 2954 8810
4 70 2329 4958 1535
4 5872 3330 7877 4742
3 1012 2437 2159
3 1409 4092 8031
3 6280 3596 4188
3 8977 5198 7751
3 6051 6275 4943
3 6864 2033 8876
3 9920 8006 919
3 240 3004 9935
3 1321 9995 4228
3 3809 234 1843
3 530 9198 4858
3 4801 9418 955
3 7633 2578 8919
3 3235 3972 5606
3 5368 3657 131
3 6960 1640 6263
3 456 7924 9269
3 430 270 431
3 9519 1062 3311
3 4000 2746 9028
3 7397 3926 5751
3 7729 5082 8089
3 6576 9187 7614
3 9600 8454 8215
3 9768 97 9716
3 2193 372 2604
3 3939 1939 500
3 978 620 1750
3 1330 7995 2786
3 4301 6097 2661
3 5208 2762 9699
3 9201 2949 9767
3 6008 6698 4046
3 6964 4942 439
3 8137 1980 9332
3 1744 8401 9446
3 136 673 4534
3 1259 1036 5191
3 2072 6003 3956
3 2632 2977 7663
3 6890 5986 4796
3 9656 6161 6761
3 9584 7170 8447
3 885 9086 9431
3 9538 3212 1519
3 5482 1475 2772
3 6835 1796 5245
3 2694 2102 8383
3 2514 6844 8822
3 2713 4798 3590
3 4221 9398 7407
3 6824 6565 7991
3 7457 8180 9413
3 9944 1649 183
3 24 1961 3370
3 4104 956 1318
3 8568 2074 2595
3 1279 8252 2399
3 3280 6137 6352
3 1694 8435 8326
3 3793 37 86
3 3060 6463 2207
3 3344 5752 4238
3 4635 5666 4387
3 6450 5732 4502
3 7800 4777 6887
3 6121 7881 6197
3 6809 7674 8859
3 9855 8037 7895
3 9083 1546 9075
3 457 2891 4839
3 2297 7554 1983
3 2881 2953 3822
3 3543 6302 4783
3 5994 1538 7461
3 7586 9036 7471
3 458 1755 3364
3 7812 756 487
3 4400 602 8900
3 4248 4595 4358
3 5168 7320 7357
3 5897 7362 7724
3 8314 6963 6959
3 7410 6972 2149
3 2596 3052 8815
3 9009 4399 335
3 2144 2210 4596
3 2608 6915 4116
3 7387 3951 2903
3 4434 3141 9047
3 5024 8353 6311
3 4339 8766 6471
3 8930 9094 7094
3 1536 9035 7206
3 392 221 8093
3 9137 9578 462
3 801 3347 9215
3 4504 1371 2028
3 2610 2741 6506
3 2785 3875 8486
3 6332 2956 3021
3 6353 9659 9564
3 9114 4069 9838
3 40 2837 1678
3 1688 1161 2892
3 6818 4994 2859
3 5066 3651 3789
3 6448 5628 6127
3 4877 6925 7078
3 2412 7602 802
3 7889 7850 2059
3 725 9709 31
3 168 4736 3887
3 6328 1453 2469
3 842 5181 4982
3 5233 9820 6175
3 1778 6148 8663
3 6232 2683 840
3 1009 2307 502
3 7632 4097 739
3 1426 4291 5106
3 4688 2685 7959
3 6229 5125 9678
3 6944 7859 2101
3 8028 7557 8438
3 8737 393 7694
3 9993 325 8543
3 9394 9651 78
3 152 639 615
3 3841 644 343
3 4488 402 3012
3 1959 1220 511
3 2169 4549 3318
3 5128 5817 8022
3 8576 4689 6699
3 7960 9595 6725
3 8426 9540 9015
3 1043 5631 9223
3 613 7395 229
3 4787 1869 2950
3 9227 5558 4567
3 9489 7423 5719
3 8804 68 5959
3 6473 5882 7742
3 34 7971 5422
3 793 5676 2388
3 848 4099 5190
3 7803 8643 4031
3 8256 1377 6034
3 1080 8950 1807
3 953 6315 726
3 3123 1979 1165
3 2242 7314 3903
3 2472 3555 3743
3 4826 6746 3679
3 6952 9957 4855
3 4880 7697 579
3 7532 413 7631
3 8097 7994 5443
3 252 13 8903
3 7132 20 1167
3 305 467 1892
3 640 6452 1270
3 4969 3515 6005
3 5850 3698 7581
3 5881 4723 5731
3 6225 9892 7430
3 2164 76 9887
3 2137 153 1502
3 4298 860 477
3 2002 2669 1590
3 2304 8398 2215
3 7176 4811 3396
3 6922 3509 4047
3 8571 5212 8629
3 6674 5950 5951
3 9274 9475 6357
3 2929 7666 3621
3 57 346 6046
3 3665 740 4078
3 649 4173 5863
3 4267 4451 4750
3 6563 6189 6095
3 9280 6291 6479
3 7496 7826 293
3 1369 193 414
3 395 1549 2358
3 1586 2019 3246
3 2232 1953 4922
3 2432 4246 2527
3 3233 2898 2629
3 4155 3581 4279
3 4554 4245 4679
3 5161 5146 7906
3 7713 7036 5829
3 8212 9524 7951
3 8456 9337 3761
3 937 83 8821
3 4662 949 3902
3 1416 3449 1276
3 5346 6210 2799
3 7024 3146 6740
3 6544 4249 554
3 6104 5026 9830
3 7804 7252 7565
3 8986 868 8206
3 9065 1194 1084
3 568 1504 1286
3 1650 2531 3261
3 2824 2533 2751
3 3504 2634 6244
3 9526 3161 4030
3 3482 4747 23
3 4314 3838 4311
3 7194 7236 5895
3 9313 2668 9157
3 2529 9234 5387
3 16 1793 3748
3 444 4653 7813
3 4856 4537 1516
3 5200 3773 3263
3 7743 6270 3431
3 5714 7197 3806
3 9294 7653 6630
3 9105 8675 8229
3 4767 8498 9543
3 1032 1250 982
3 3174 1118 1031
3 1514 9333 2303
3 1532 6294 1527
3 3930 3332 2047
3 4501 4398 3911
3 4176 7963 4328
3 5672 5401 9810
3 6664 6258 7018
3 7490 9458 8277
3 8440 9635 8965
3 9488 9496 5237
3 4001 2442 9692
3 1201 675 3316
3 1296 1452 4623
3 1891 6828 6245
3 4841 1986 6612
3 4914 4578 4892
3 6920 8642 9680
3 9551 7150 7559
3 8952 8201 499
3 8355 3125 9958
3 3880 1027 1606
3 2264 1618 2422
3 2712 6494 2143
3 5059 5199 2671
3 3513 5373 4935
3 3824 4713 5175
3 5834 5980 6693
3 8289 6510 6430
3 6744 6569 6822
3 225 8179 6852
3 6962 9260 8654
3 4775 9251 8727
3 8729 9085 9711
3 858 4164 365
3 3099 459 4447
3 4898 4605 3407
3 7761 5641 3747
3 4144 8177 7622
3 5043 8067 8918
3 5769 9858 9149
3 9002 6093 9022
3 115 30 4095
3 2328 3570 4407
3 5400 3147 7237
3 5097 7418 6604
3 8235 7828 7957
3 8593 2402 8897
3 8808 9272 9611
3 1058 8981 9655
3 3274 123 8567
3 185 1898 1951
3 7849 3547 1806
3 4562 6118 2335
3 6600 6130 6846
3 7600 9181 1669
3 9624 1978 8382
3 9985 3355 94
3 576 1132 1110
3 1865 2570 2235
3 2946 4156 5098
3 4482 4558 5471
3 6002 6323 5831
3 7048 6766 6126
3 8756 6398 6727
3 6851 6590 7190
3 8472 7721 4840
3 8978 8108 4197
3 9073 2466 4694
3 2205 2046 1639
3 4546 2220 4325
3 2240 6899 7085
3 5442 7899 5077
3 6090 7315 6078
3 6472 7868 7127
3 7273 6669 7247
3 6993 8340 7665
3 7616 8393 8388
3 8753 473 8806
3 896 9771 9927
3 1288 3587 2582
3 1754 3883 3615
3 5041 1835 3078
3 5505 2333 2591
3 6304 4489 4804
3 5019 6711 6223
3 5944 7634 5812
3 7329 8372 6524
3 8129 8572 7693
3 9745 7805 9613
3 9338 9859 8734
3 160 2105 516
3 1848 899 2911
3 1266 5323 1271
3 6774 4564 1774
3 2216 3506 22
3 8640 7460 2294
3 1192 1137 101
3 1849 1212 143
3 1313 2730 419
3 3664 2234 2549
3 3265 3324 3884
3 4172 3878 5460
3 5140 5189 5702
3 6560 5621 5613
3 5800 7275 6356
3 6697 6739 6671
3 8573 6990 7815
3 9003 9603 9013
3 9948 9877 1086
3 2136 8996 1653
3 3281 4308 2199
3 6803 2237 3038
3 2754 3933 4746
3 4312 7121 3439
3 7491 5276 8021
3 8994 7123 9134
3 417 1699 558
3 753 2781 2390
3 2793 906 3402
3 3097 3578 2453
3 3849 7931 5134
3 4217 7686 4255
3 6064 5171 5268
3 1488 5397 6063
3 8773 6581 9679
3 1480 381 9029
3 9744 2417 9261
3 4818 550 1127
3 1170 796 1461
3 1656 2268 4196
3 2016 5426 2852
3 4136 2289 3782
3 3873 5523 4918
3 4394 6595 4599
3 5234 9844 5903
3 6035 5598 6023
3 7510 6636 6414
3 159 8084 6831
3 9194 8411 8716
3 9008 219 9230
3 472 1624 828
3 2444 1172 1093
3 2951 2621 1783
3 3131 2406 2775
3 3491 3381 4678
3 3817 4613 5246
3 3888 6132 4630
3 6096 6261 5253
3 6520 7786 7117
3 7233 8166 8759
3 7400 8049 9759
3 8464 8316 133
3 8793 8789 9901
3 217 1627 1814
3 1665 845 279
3 1985 1867 893
3 1404 2068 3783
3 4094 3300 2334
3 2731 3965 3262
3 4910 3442 3334
3 5736 6432 7903
3 8633 5770 6227
3 6953 7788 6373
3 6529 6517 7309
3 8618 8987 7684
3 218 8539 610
3 1208 1221 4479
3 1801 1781 2065
3 2281 1836 2711
3 3312 2554 2987
3 3584 3744 2750
3 3401 3721 5577
3 4088 4193 4932
3 5313 5398 4487
3 5586 5917 5391
3 5972 6180 5966
3 7925 7501 7969
3 9534 8165 9502
3 9575 1646 9535
3 401 1899 5132
3 651 7388 669
3 5064 5370 990
3 1184 1904 3445
3 2722 3539 7675
3 8665 3862 4894
3 6586 7110 3927
3 5104 6417 7980
3 9200 7898 6812
3 89 7371 9660
3 2184 545 1292
3 1638 1716 934
3 2376 2947 2326
3 2464 3076 3085
3 3216 3929 3124
3 3947 3411 4981
3 4529 5481 4428
3 4544 7065 4538
3 5594 7502 5599
3 7289 8638 8694
3 7672 9754 9770
3 9882 1130 7695
3 1928 163 9846
3 1299 292 9941
3 144 249 827
3 3521 757 1935
3 977 6770 771
3 8584 1683 4628
3 2560 2173 2087
3 3017 5345 3807
3 3424 6259 4669
3 7043 6405 5511
3 7664 8525 7902
3 7907 9156 8015
3 9209 8842 8268
3 304 9356 8934
3 1120 894 207
3 930 1469 2022
3 1138 1870 2567
3 2057 2050 3115
3 2835 3580 2463
3 2480 4833 4163
3 5122 6068 2990
3 6409 6307 6497
3 7177 6805 6958
3 7096 7744 6973
3 7608 9140 8732
3 9089 2011 9670
3 241 4553 157
3 1209 316 199
3 288 4842 6331
3 1331 618 691
3 3313 3610 3941
3 5429 4149 7223
3 7274 5804 4646
3 4882 8709 7014
3 7553 7962 7134
3 8776 8273 8853
3 9785 9860 287
3 3353 2227 356
3 728 4392 643
3 865 2179 2564
3 4337 3178 3186
3 5192 3893 3541
3 5514 4948 6301
3 6897 7163 5725
3 7216 6425 7642
3 7640 9179 6541
3 7544 8068 7878
3 8409 8298 8886
3 9152 9225 8502
3 616 9491 108
3 1574 819 862
3 1227 5060 4789
3 1652 1277 5718
3 1841 4468 5254
3 2418 1971 1958
3 2288 5329 2805
3 4226 4714 3006
3 3753 4355 5182
3 8534 5206 5663
3 6513 7019 5550
3 5578 7229 6213
3 6904 6387 9367
3 7298 7795 7546
3 9100 8645 8870
3 9710 9406 9647
3 186 733 9863
3 784 425 867
3 1809 2163 1495
3 3536 2841 2239
3 3425 2563 3438
3 4634 3798 4143
3 4508 5741 4598
3 5424 5612 5534
3 5825 5658 6087
3 5848 5952 6796
3 6629 8310 7087
3 9232 7948 6814
3 9172 8740 8141
3 9553 9329 8941
3 9617 5510 9870
3 348 9885 1479
3 3208 769 226
3 2577 378 347
3 800 1563 1376
3 1661 2318 1615
3 2201 3209 1700
3 2344 4693 4791
3 2689 2435 5611
3 3712 5771 5573
3 6620 3812 9582
3 9590 6484 5958
3 7091 7556 7349
3 9570 8564 9423
3 128 189 9158
3 719 789 383
3 2152 4290 1099
3 1403 3917 1685
3 4986 4403 4518
3 6748 6125 4726
3 7365 4906 6253
3 7441 7434 7333
3 8103 8321 7799
3 9314 8771 8309
3 9346 9876 9862
3 9555 2012 415
3 1196 349 4709
3 441 1788 1494
3 633 4939 2470
3 1235 1949 958
3 1131 4211 5294
2 2451 1909
2 2586 5316
2 6692 3213
2 5409 5183
2 6917 6701
2 7140 7060
2 7459 7541
2 7580 7758
2 7835 8493
2 7946 8086
2 8064 9954
2 8347 9205
2 9819 203
2 361 291
2 831 703
2 1119 863
2 1180 1230
2 1188 1284
2 1799 1679
2 1993 1868
2 2356 2382
2 2550 3327
2 3784 2878
2 3859 3860
2 4996 3949
2 5148 5343
2 6456 5379
2 8080 6279
2 6457 8282
2 8379 8686
2 8960 9323
2 9737 4
2 280 693
2 388 405
2 509 782
2 1335 935
2 2384 1105
2 1611 1323
2 1818 1732
2 2035 2483
2 2498 4621
2 3821 3247
2 5410 6843
2 7507 5694
2 5779 8406
2 7669 7479
2 7965 7807
2 8412 8726
2 8875 9372
2 200 9999
2 258 227
2 922 268
2 1046 1111
2 1074 1135
2 2324 1133
2 2378 3787
2 2579 2789
2 3394 4254
2 4344 4330
2 4632 4633
2 4664 4675
2 4950 4734
2 5699 5051
2 5833 6085
2 6233 6407
2 7251 7307
2 7753 8410
2 8784 8955
2 8985 8970
2 9102 9663
2 318 9807
2 376 1029
2 811 662
2 2405 983
2 1553 2311
2 1987 2086
2 3389 2373
2 2386 2541
2 3292 2942
2 3386 3639
2 3922 4461
2 4107 4979
2 6500 5356
2 5977 5844
2 6635 7791
2 8523 6983
2 7667 8461
2 9636 8791
2 9604 9724
2 9701 9742
2 173 342
2 491 741
2 794 2030
2 2410 2508
2 2715 2676
2 3385 3199
2 4371 3827
2 4425 5005
2 5177 5327
2 6434 6158
2 6371 7092
2 7322 8164
2 8374 7399
2 9186 8491
2 8602 8731
2 9162 9148
2 9557 9533
2 9632 9644
2 872 9717
2 409 621
2 1918 1534
2 1992 2883
2 3008 2825
2 3819 3756
2 3866 4220
2 4273 4369
2 4810 5413
2 5266 5187
2 6242 5885
2 6420 6254
2 7627 6647
2 7820 7340
2 7992 7706
2 8136 8872
2 8725 9342
2 148 9773
2 195 69
2 821 917
2 984 1063
2 1045 1206
2 1329 1554
2 1439 1415
2 1705 1897
2 1969 2747
2 3225 2934
2 3794 3267
2 3935 3799
2 4435 4323
2 4978 4651
2 5073 5210
2 5643 5399
2 5957 6678
2 7228 7069
2 7832 7636
2 7712 8857
2 312 9282
2 9609 9977
2 435 508
2 605 437
2 1610 483
2 652 2166
2 2427 901
2 1731 2172
2 3058 2503
2 2873 2803
2 3144 2884
2 3466 3227
2 3474 4237
2 4260 3620
2 4032 4103
2 4356 4214
2 5045 4535
2 5167 4807
2 5265 5361
2 7165 5470
2 5840 5853
2 6234 5883
2 6480 5979
2 6499 6174
2 7033 7243
2 7393 7093
2 7264 7938
2 7736 7276
2 7408 8613
2 7547 9963
2 8728 8879
2 8758 9159
2 9362 9327
2 194 179
2 1305 987
2 2330 1654
2 2425 2500
2 4224 2996
2 3636 4372
2 4822 4758
2 5340 4860
2 5508 5350
2 5745 6077
2 6675 6654
2 6841 6901
2 7097 7172
2 7416 7588
2 7793 8142
2 7915 8395
2 8507 8535
2 8570 8770
2 8778 8780
2 9011 9070
2 9787 9775
2 9822 111
2 184 118
2 192 209
2 1142 303
2 2170 596
2 3476 2206
2 3082 2556
2 2769 3530
2 4891 3879
2 3984 4732
2 4577 6853
2 4890 4972
2 6187 7059
2 7427 7789
2 8144 7639
2 8117 8311
2 8786 9749
2 9380 8877
2 478 9415
2 729 482
2 1728 1614
2 2520 1831
2 3044 3189
2 3777 4175
2 4376 4285
2 5067 5107
2 5557 5279
2 6128 6141
2 7098 7086
2 7856 7561
2 7578 7883
2 8038 7942
2 8224 8114
2 8361 8405
2 8417 8975
2 8961 9218
2 9264 9421
2 9571 9931
2 121 274
2 908 230
2 1485 1695
2 2512 1517
2 2771 1972
2 2808 2485
2 4523 2812
2 3716 2974
2 3493 3717
2 4952 3727
2 5747 4724
2 5696 6614
2 5993 5906
2 6902 5983
2 6308 6156
2 6411 7075
2 7741 7590
2 8244 8061
2 9556 8135
2 8272 9436
2 156 1350
2 1496 781
2 1625 2098
2 3685 2039
2 4232 4470
2 4899 4699
2 5504 5483
2 6177 6559
2 6720 6682
2 6833 7045
2 6937 7077
2 7483 7187
2 7606 7847
2 8002 8462
2 8009 8530
2 8075 9031
2 9793 61
2 256 311
2 424 507
2 833 574
2 1177 1226
2 1937 1283
2 1749 2110
2 2272 2271
2 2602 2532
2 3635 2827
2 4098 4063
2 4845 4333
2 5304 5213
2 5533 5727
2 5617 5870
2 6265 6429
2 6545 6428
2 7730 6607
2 7864 7017
2 8011 8045
2 8561 8110
2 8220 8542
2 9736 8500
2 8698 8797
2 8880 9126
2 81 428
2 682 795
2 866 1006
2 1171 1326
2 1513 1501
2 1753 1634
2 1696 1804
2 1917 2231
2 1984 2298
2 2657 2447
2 3053 3023
2 3690 3059
2 4297 3108
2 4427 3307
2 4440 4588
2 4913 4876
2 4980 4966
2 5158 5023
2 5260 5262
2 5377 5382
2 5938 5783
2 6026 7068
2 7248 6971
2 7337 7404
2 7533 7550
2 8494 8159
2 8635 8556
2 8868 9301
2 9457 9357
2 9498 9686
2 538 406
2 803 903
2 1166 959
2 1789 1622
2 3268 1703
2 3993 2252
2 5480 3469
2 4305 4262
2 5008 5754
2 5907 6551
2 6075 6293
2 6539 6998
2 7138 7022
2 7292 7030
2 7139 7367
2 7682 7711
2 7833 7830
2 7929 8190
2 8441 8473
2 8850 8924
2 9296 9007
2 9521 9910
2 9932 182
2 1307 1275
2 1762 1932
2 2357 2310
2 2393 2583
2 2673 3205
2 3361 2900
2 3266 3534
2 3846 4591
2 5472 4770
2 5632 5585
2 6021 5910
2 6098 6237
2 6257 6412
2 6617 7067
2 7514 7453
2 7584 8555
2 8592 8968
2 658 9823
2 603 668
2 1149 1191
2 1824 2138
2 2645 3286
2 3416 3154
2 3705 4060
2 3963 3854
2 4048 4019
2 4283 4453
2 4793 4893
2 4923 4830
2 4843 5693
2 5010 4851
2 5281 5900
2 6848 5926
2 6393 6519
2 6533 6799
2 6859 7102
2 7688 7129
2 7281 9042
2 9577 7523
2 9698 9044
2 25 9548
2 224 275
2 452 341
2 921 698
2 1612 1190
2 1770 1878
2 2385 2026
2 2664 2546
2 2928 2899
2 2961 3169
2 3382 3591
2 3611 3803
2 3810 3994
2 4236 4911
2 4571 5100
2 5640 5430
2 6040 6222
2 6643 6454
2 7000 6961
2 7574 7071
2 7985 7658
2 8001 8085
2 9189 8541
2 9297 9311
2 9411 9861
2 9914 27
2 54 238
2 468 319
2 582 526
2 746 659
2 972 886
2 2153 1302
2 2656 1775
2 2280 2662
2 2709 3454
2 3619 3523
2 3696 4009
2 3990 3719
2 5809 4691
2 5538 5838
2 5828 6119
2 6185 6031
2 6195 6334
2 6290 7852
2 6592 6509
2 6923 6862
2 7890 7782
2 8000 8231
2 9146 8334
2 8554 9059
2 9229 9101
2 9204 9270
2 9554 9972
2 412 180
2 1134 999
2 1667 1316
2 1873 1777
2 2525 2038
2 2980 3156
2 3754 3413
2 4209 4525
2 5386 4821
2 5635 5549
2 6283 6199
2 6491 6391
2 6772 6516
2 6850 7011
2 7488 7261
2 7504 8034
2 8109 8118
2 9024 9720
2 9825 9933
2 379 573
2 422 1087
2 1237 1725
2 2010 1308
2 1880 2154
2 3645 2758
2 3843 3383
2 4034 4252
2 4520 4132
2 4556 4174
2 4987 4581
2 4705 5257
2 5227 5014
2 5697 5778
2 6163 5859
2 6792 5949
2 8098 7222
2 8546 8318
2 8344 8508
2 9336 8757
2 9400 9150
2 360 154
2 533 583
2 986 911
2 1290 1374
2 1664 1401
2 1915 1964
2 2706 2431
2 2858 2733
2 3201 3340
2 3546 3628
2 3643 3788
2 4438 4062
2 4976 5049
2 5108 5029
2 5153 5342
2 5466 5406
2 5539 5527
2 5619 5820
2 7005 6631
2 7042 7183
